p, k, b/c, n, result
0.02,4.16,3.8, 35, 0
0.02,3.86,3.8, 455, 0
0.02,3.56,3.8, 31, 0
0.02,3.76,3.8, 15, 0
0.02,4.22,3.8, 17, 0
0.02,3.96,3.8, 294, 0
0.02,3.8,3.8, 375, 0
0.02,4.04,3.8, 312, 0
0.02,4.14,3.8, 463, 0
0.02,4.02,3.8, 407, 0
0.02,4.24,3.8, 238, 0
0.02,3.82,3.8, 65, 0
0.02,3.48,3.8, 326, 0
0.02,4.1,3.8, 55, 0
0.02,4.0,3.8, 1654, 0
0.02,3.66,3.8, 5516, 100
0.02,4.26,3.8, 70, 0
0.02,3.7,3.8, 87, 0
0.02,3.78,3.8, 48, 0
0.02,3.88,3.8, 8904, 100
0.02,3.84,3.8, 479, 0
0.02,3.84,3.8, 48, 0
0.02,3.66,3.8, 5, 0
0.02,3.9,3.8, 241, 0
0.02,4.12,3.8, 420, 0
0.02,3.74,3.8, 36, 0
0.02,3.94,3.8, 1, 0
0.02,3.64,3.8, 107, 0
0.02,3.68,3.8, 111, 0
0.02,3.98,3.8, 10, 0
0.02,3.68,3.8, 1028, 0
0.02,4.02,3.8, 10842, 100
0.02,3.74,3.8, 1002, 0
0.02,3.72,3.8, 2, 0
0.02,3.96,3.8, 769, 0
0.02,3.9,3.8, 36, 0
0.02,3.8,3.8, 121, 0
0.02,3.72,3.8, 245, 0
0.02,4.16,3.8, 1788, 0
0.02,3.98,3.8, 144, 0
0.02,3.9,3.8, 68, 0
0.02,4.02,3.8, 78, 0
0.02,4.04,3.8, 698, 0
0.02,4.04,3.8, 68, 0
0.02,4.04,3.8, 51, 0
0.02,3.94,3.8, 1244, 0
0.02,3.92,3.8, 558, 0
0.02,3.9,3.8, 2033, 0
0.02,3.8,3.8, 6653, 0
0.02,4.0,3.8, 149, 0
0.02,3.7,3.8, 55, 0
0.02,4.28,3.8, 5, 0
0.02,4.18,3.8, 296, 0
0.02,3.96,3.8, 135, 0
0.02,3.82,3.8, 15, 0
0.02,4.0,3.8, 26, 0
0.02,3.84,3.8, 17, 0
0.02,3.8,3.8, 2411, 0
0.02,4.0,3.8, 263, 0
0.02,3.8,3.8, 85, 0
0.02,4.28,3.8, 152, 0
0.02,3.64,3.8, 169, 0
0.02,4.06,3.8, 14, 0
0.02,3.96,3.8, 21, 0
0.02,3.62,3.8, 75, 0
0.02,3.78,3.8, 47, 0
0.02,3.84,3.8, 32, 0
0.02,3.82,3.8, 44, 0
0.02,3.78,3.8, 96, 0
0.02,4.18,3.8, 147, 0
0.02,3.68,3.8, 127, 0
0.02,4.04,3.8, 242, 0
0.02,3.74,3.8, 8, 0
0.02,3.72,3.8, 199, 0
0.02,4.18,3.8, 60, 0
0.02,3.82,3.8, 155, 0
0.02,4.24,3.8, 1, 0
0.02,3.8,3.8, 170, 0
0.02,3.92,3.8, 1396, 0
0.02,3.94,3.8, 366, 0
0.02,4.22,3.8, 19, 0
0.02,3.82,3.8, 2, 0
0.02,3.84,3.8, 95, 0
0.02,4.2,3.8, 146, 0
0.02,3.86,3.8, 102, 0
0.02,4.1,3.8, 84, 0
0.02,3.78,3.8, 334, 0
0.02,4.02,3.8, 278, 0
0.02,3.76,3.8, 164, 0
0.02,4.16,3.8, 556, 0
0.02,4.12,3.8, 178, 0
0.02,3.78,3.8, 119, 0
0.02,3.86,3.8, 44, 0
0.02,4.08,3.8, 4, 0
0.02,4.04,3.8, 111, 0
0.02,3.84,3.8, 319, 0
0.02,4.3,3.8, 186, 0
0.02,4.16,3.8, 30, 0
0.02,4.02,3.8, 468, 0
0.02,3.76,3.8, 57, 0
0.02,3.88,3.8, 994, 0
0.02,3.7,3.8, 13, 0
0.02,4.02,3.8, 426, 0
0.02,4.1,3.8, 147, 0
0.02,3.88,3.8, 586, 0
0.02,3.98,3.8, 9, 0
0.02,3.74,3.8, 89, 0
0.02,3.92,3.8, 37, 0
0.02,3.94,3.8, 56, 0
0.02,4.18,3.8, 3610, 100
0.02,4.08,3.8, 98, 0
0.02,3.92,3.8, 52, 0
0.02,3.62,3.8, 69, 0
0.02,4.14,3.8, 34, 0
0.02,4.24,3.8, 1315, 0
0.02,4.1,3.8, 270, 0
0.02,3.96,3.8, 335, 0
0.02,3.76,3.8, 141, 0
0.02,3.8,3.8, 14, 0
0.02,3.7,3.8, 2351, 0
0.02,3.74,3.8, 89, 0
0.02,3.88,3.8, 5334, 100
0.02,3.74,3.8, 431, 0
0.02,3.46,3.8, 57, 0
0.02,3.9,3.8, 5338, 0
0.02,3.7,3.8, 184, 0
0.02,4.0,3.8, 2397, 0
0.02,3.98,3.8, 29, 0
0.02,3.96,3.8, 789, 0
0.02,4.12,3.8, 189, 0
0.02,3.92,3.8, 259, 0
0.02,3.76,3.8, 5601, 100
0.02,3.96,3.8, 41, 0
0.02,4.1,3.8, 76, 0
0.02,3.94,3.8, 18, 0
0.02,3.76,3.8, 13, 0
0.02,3.64,3.8, 44, 0
0.02,3.92,3.8, 640, 0
0.02,3.66,3.8, 149, 0
0.02,3.6,3.8, 513, 0
0.02,3.66,3.8, 8, 0
0.02,3.72,3.8, 1, 0
0.02,3.42,3.8, 347, 0
0.02,3.96,3.8, 113, 0
0.02,3.94,3.8, 156, 0
0.02,3.8,3.8, 35, 0
0.02,3.94,3.8, 5540, 0
0.02,4.16,3.8, 216, 0
0.02,4.3,3.8, 302, 0
0.02,3.84,3.8, 31, 0
0.02,3.7,3.8, 4, 0
0.02,4.02,3.8, 10, 0
0.02,3.62,3.8, 3, 0
0.02,4.08,3.8, 126, 0
0.02,3.88,3.8, 54, 0
0.02,4.02,3.8, 56, 0
0.02,4.06,3.8, 2977, 0
0.02,4.04,3.8, 98, 0
0.02,3.82,3.8, 4, 0
0.02,3.94,3.8, 330, 0
0.02,4.08,3.8, 6, 0
0.02,4.0,3.8, 45, 0
0.02,4.24,3.8, 498, 0
0.02,4.04,3.8, 198, 0
0.02,3.84,3.8, 3, 0
0.02,3.9,3.8, 30, 0
0.02,3.68,3.8, 29, 0
0.02,4.26,3.8, 1558, 0
0.02,4.22,3.8, 7, 0
0.02,3.9,3.8, 14, 0
0.02,3.86,3.8, 304, 0
0.02,3.88,3.8, 55, 0
0.02,4.02,3.8, 184, 0
0.02,3.84,3.8, 216, 0
0.02,3.92,3.8, 764, 0
0.02,3.84,3.8, 853, 0
0.02,4.56,3.8, 5206, 0
0.02,4.0,3.8, 87, 0
0.02,3.64,3.8, 5, 0
0.02,4.12,3.8, 28, 0
0.02,3.98,3.8, 82, 0
0.02,4.16,3.8, 7749, 100
0.02,3.94,3.8, 526, 0
0.02,3.94,3.8, 204, 0
0.02,4.06,3.8, 107, 0
0.02,4.1,3.8, 633, 0
0.02,4.08,3.8, 330, 0
0.02,4.04,3.8, 1026, 0
0.02,3.56,3.8, 92, 0
0.02,3.68,3.8, 159, 0
0.02,3.92,3.8, 137, 0
0.02,4.1,3.8, 10, 0
0.02,3.84,3.8, 63, 0
0.02,4.1,3.8, 1151, 0
0.02,3.64,3.8, 512, 0
0.02,4.3,3.8, 78, 0
0.02,3.78,3.8, 99, 0
0.02,4.0,3.8, 24, 0
0.02,3.82,3.8, 1747, 100
0.02,4.06,3.8, 155, 0
0.02,4.0,3.8, 71, 0
0.02,3.34,3.8, 4826, 0
0.02,3.7,3.8, 32, 0
0.02,4.04,3.8, 25, 0
0.02,4.26,3.8, 3, 0
0.02,3.62,3.8, 12024, 100
0.02,4.0,3.8, 36, 0
0.02,3.88,3.8, 32, 0
0.02,3.9,3.8, 402, 0
0.02,4.12,3.8, 1643, 0
0.02,3.98,3.8, 229, 0
0.02,3.88,3.8, 4, 0
0.02,3.72,3.8, 400, 0
0.02,3.82,3.8, 123, 0
0.02,3.72,3.8, 1674, 0
0.02,3.94,3.8, 538, 0
0.02,3.88,3.8, 841, 0
0.02,3.86,3.8, 18, 0
0.02,3.78,3.8, 84, 0
0.02,4.14,3.8, 236, 0
0.02,4.3,3.8, 24, 0
0.02,3.8,3.8, 520, 0
0.02,4.1,3.8, 13, 0
0.02,3.78,3.8, 19, 0
0.02,3.86,3.8, 581, 0
0.02,3.94,3.8, 108, 0
0.02,3.74,3.8, 4078, 0
0.02,3.84,3.8, 379, 0
0.02,4.24,3.8, 21, 0
0.02,3.74,3.8, 612, 0
0.02,3.72,3.8, 34, 0
0.02,3.92,3.8, 14, 0
0.02,4.48,3.8, 326, 0
0.02,3.98,3.8, 33, 0
0.02,3.84,3.8, 240, 0
0.02,4.06,3.8, 291, 0
0.02,4.08,3.8, 77, 0
0.02,3.6,3.8, 1567, 0
0.02,4.12,3.8, 56, 0
0.02,4.1,3.8, 15, 0
0.02,4.06,3.8, 391, 0
0.02,3.6,3.8, 514, 0
0.02,4.06,3.8, 37, 0
0.02,3.6,3.8, 815, 0
0.02,4.12,3.8, 71, 0
0.02,3.84,3.8, 8, 0
0.02,3.88,3.8, 723, 0
0.02,4.04,3.8, 42, 0
0.02,3.74,3.8, 19, 0
0.02,4.0,3.8, 1, 0
0.02,3.96,3.8, 740, 0
0.02,3.78,3.8, 31, 0
0.02,4.04,3.8, 91, 0
0.02,3.84,3.8, 434, 0
0.02,3.72,3.8, 343, 0
0.02,3.74,3.8, 409, 0
0.02,3.98,3.8, 3, 0
0.02,3.92,3.8, 103, 0
0.02,4.0,3.8, 38, 0
0.02,3.92,3.8, 344, 0
0.02,4.12,3.8, 218, 0
0.02,3.94,3.8, 4, 0
0.02,4.16,3.8, 57, 0
0.02,4.42,3.8, 45, 0
0.02,3.68,3.8, 400, 0
0.02,3.88,3.8, 14, 0
0.02,3.94,3.8, 16, 0
0.02,3.84,3.8, 80, 0
0.02,3.82,3.8, 71, 0
0.02,4.32,3.8, 30, 0
0.02,3.82,3.8, 48, 0
0.02,3.8,3.8, 398, 0
0.02,3.78,3.8, 6, 0
0.02,4.02,3.8, 48, 0
0.02,4.36,3.8, 19, 0
0.02,3.76,3.8, 96, 0
0.02,3.58,3.8, 18, 0
0.02,4.02,3.8, 375, 0
0.02,3.78,3.8, 3759, 0
0.02,3.98,3.8, 11, 0
0.02,3.88,3.8, 181, 0
0.02,3.98,3.8, 134, 0
0.02,3.82,3.8, 1624, 0
0.02,3.86,3.8, 510, 0
0.02,3.92,3.8, 504, 0
0.02,3.84,3.8, 13, 0
0.02,4.02,3.8, 144, 0
0.02,3.98,3.8, 402, 0
0.02,3.96,3.8, 5, 0
0.02,3.7,3.8, 71, 0
0.02,4.22,3.8, 84, 0
0.02,4.22,3.8, 599, 0
0.02,4.14,3.8, 361, 0
0.02,4.18,3.8, 59, 0
0.02,4.44,3.8, 132, 0
0.02,3.74,3.8, 86, 0
0.02,3.9,3.8, 1540, 0
0.02,3.82,3.8, 385, 0
0.02,4.04,3.8, 1249, 0
0.02,3.84,3.8, 249, 0
0.02,4.26,3.8, 31, 0
0.02,3.7,3.8, 5481, 100
0.02,3.8,3.8, 12407, 100
0.02,3.62,3.8, 111, 0
0.02,3.94,3.8, 37, 0
0.02,3.96,3.8, 8814, 100
0.02,4.1,3.8, 81, 0
0.02,3.82,3.8, 35, 0
0.02,3.98,3.8, 434, 0
0.02,3.74,3.8, 7, 0
0.02,3.82,3.8, 68, 0
0.02,3.96,3.8, 20, 0
0.02,4.04,3.8, 34, 0
0.02,4.02,3.8, 233, 0
0.02,4.1,3.8, 96, 0
0.02,4.06,3.8, 162, 0
0.02,3.72,3.8, 29, 0
0.02,3.94,3.8, 14895, 100
0.02,3.94,3.8, 44, 0
0.02,3.76,3.8, 150, 0
0.02,3.98,3.8, 16, 0
0.02,4.2,3.8, 1019, 0
0.02,3.88,3.8, 12, 0
0.02,3.92,3.8, 690, 0
0.02,3.8,3.8, 298, 0
0.02,3.9,3.8, 52, 0
0.02,3.82,3.8, 28, 0
0.02,4.06,3.8, 41, 0
0.02,3.84,3.8, 8606, 100
0.02,4.16,3.8, 82, 0
0.02,3.66,3.8, 74, 0
0.02,4.16,3.8, 12, 0
0.02,4.04,3.8, 70, 0
0.02,4.18,3.8, 29, 0
0.02,4.0,3.8, 114, 0
0.02,4.06,3.8, 153, 0
0.02,3.72,3.8, 6, 0
0.02,4.12,3.8, 8, 0
0.02,3.6,3.8, 73, 0
0.02,4.1,3.8, 39, 0
0.02,4.22,3.8, 241, 0
0.02,4.28,3.8, 2, 0
0.02,4.22,3.8, 4, 0
0.02,4.1,3.8, 25, 0
0.02,3.94,3.8, 57, 0
0.02,4.08,3.8, 3519, 0
0.02,3.8,3.8, 70, 0
0.02,3.76,3.8, 117, 0
0.02,3.74,3.8, 366, 0
0.02,4.04,3.8, 3, 0
0.02,3.74,3.8, 10, 0
0.02,4.02,3.8, 78, 0
0.02,4.24,3.8, 391, 0
0.02,4.02,3.8, 11, 0
0.02,3.94,3.8, 36, 0
0.02,4.32,3.8, 3754, 0
0.02,4.0,3.8, 7622, 0
0.02,3.68,3.8, 9, 0
0.02,4.02,3.8, 1866, 0
0.02,3.98,3.8, 8795, 100
0.02,3.76,3.8, 3, 0
0.02,3.9,3.8, 347, 0
0.02,3.7,3.8, 142, 0
0.02,4.0,3.8, 13, 0
0.02,3.78,3.8, 1, 0
0.02,3.82,3.8, 48, 0
0.02,3.94,3.8, 106, 0
0.02,3.98,3.8, 248, 0
0.02,3.74,3.8, 439, 0
0.02,4.16,3.8, 3523, 0
0.02,3.96,3.8, 285, 0
0.02,4.2,3.8, 1099, 0
0.02,4.12,3.8, 22, 0
0.02,3.88,3.8, 580, 0
0.02,4.06,3.8, 62, 0
0.02,3.42,3.8, 54, 0
0.02,3.76,3.8, 25, 0
0.02,4.18,3.8, 6442, 100
0.02,4.36,3.8, 83, 0
0.02,4.04,3.8, 33, 0
0.02,3.54,3.8, 52, 0
0.02,4.34,3.8, 73, 0
0.02,3.64,3.8, 255, 0
0.02,3.88,3.8, 753, 0
0.02,3.68,3.8, 174, 0
0.02,3.6,3.8, 5, 0
0.02,3.98,3.8, 83, 0
0.02,4.2,3.8, 9, 0
0.02,3.82,3.8, 957, 0
0.02,3.68,3.8, 12, 0
0.02,4.1,3.8, 331, 0
0.02,3.6,3.8, 87, 0
0.02,3.6,3.8, 2883, 0
0.02,3.88,3.8, 57, 0
0.02,3.72,3.8, 466, 0
0.02,3.74,3.8, 103, 0
0.02,4.04,3.8, 157, 0
0.02,3.92,3.8, 5, 0
0.02,3.88,3.8, 63, 0
0.02,3.66,3.8, 22, 0
0.02,3.6,3.8, 83, 0
0.02,3.96,3.8, 100, 0
0.02,3.88,3.8, 1905, 0
0.02,4.08,3.8, 1031, 0
0.02,3.92,3.8, 160, 0
0.02,3.62,3.8, 78, 0
0.02,3.74,3.8, 15104, 100
0.02,3.98,3.8, 661, 0
0.02,4.0,3.8, 208, 0
0.02,3.72,3.8, 8, 0
0.02,3.82,3.8, 65, 0
0.02,4.1,3.8, 118, 0
0.02,4.0,3.8, 562, 0
0.02,3.82,3.8, 21, 0
0.02,3.68,3.8, 431, 0
0.02,3.62,3.8, 39, 0
0.02,3.88,3.8, 269, 0
0.02,3.8,3.8, 923, 0
0.02,3.7,3.8, 467, 0
0.02,3.98,3.8, 65, 0
0.02,3.72,3.8, 4, 0
0.02,4.12,3.8, 15883, 0
0.02,4.0,3.8, 1606, 0
0.02,3.96,3.8, 5, 0
0.02,4.2,3.8, 97, 0
0.02,3.7,3.8, 31, 0
0.02,4.3,3.8, 19, 0
0.02,3.86,3.8, 51, 0
0.02,3.98,3.8, 1568, 0
0.02,4.32,3.8, 159, 0
0.02,3.76,3.8, 109, 0
0.02,3.94,3.8, 1, 0
0.02,3.86,3.8, 120, 0
0.02,3.96,3.8, 141, 0
0.02,3.7,3.8, 64, 0
0.02,3.6,3.8, 440, 0
0.02,3.76,3.8, 348, 0
0.02,3.9,3.8, 52, 0
0.02,4.08,3.8, 387, 0
0.02,3.68,3.8, 14, 0
0.02,3.7,3.8, 17, 0
0.02,3.82,3.8, 38, 0
0.02,3.82,3.8, 229, 0
0.02,3.72,3.8, 39, 0
0.02,3.82,3.8, 1326, 0
0.02,4.02,3.8, 4, 0
0.02,3.62,3.8, 62, 0
0.02,3.98,3.8, 280, 0
0.02,3.5,3.8, 49, 0
0.02,3.92,3.8, 605, 0
0.02,3.8,3.8, 37, 0
0.02,3.82,3.8, 938, 0
0.02,4.04,3.8, 21, 0
0.02,4.08,3.8, 2, 0
0.02,3.6,3.8, 67, 0
0.02,3.86,3.8, 137, 0
0.02,4.26,3.8, 56, 0
0.02,3.84,3.8, 27, 0
0.02,4.06,3.8, 11, 0
0.02,3.44,3.8, 1148, 0
0.02,3.74,3.8, 86, 0
0.02,3.86,3.8, 124, 0
0.02,3.72,3.8, 1, 0
0.02,3.88,3.8, 266, 0
0.02,4.08,3.8, 26, 0
0.02,4.14,3.8, 178, 0
0.02,3.94,3.8, 35, 0
0.02,4.02,3.8, 44, 0
0.02,4.04,3.8, 171, 0
0.02,4.04,3.8, 4, 0
0.02,4.04,3.8, 55, 0
0.02,4.06,3.8, 78, 0
0.02,3.82,3.8, 280, 0
0.02,3.62,3.8, 25, 0
0.02,3.96,3.8, 75, 0
0.02,3.76,3.8, 48, 0
0.02,3.74,3.8, 252, 0
0.02,3.86,3.8, 49, 0
0.02,3.86,3.8, 6, 0
0.02,4.02,3.8, 68, 0
0.02,3.84,3.8, 66, 0
0.02,3.82,3.8, 162, 0
0.02,4.04,3.8, 22, 0
0.02,4.08,3.8, 139, 0
0.02,4.16,3.8, 172, 0
0.02,3.64,3.8, 8, 0
0.02,3.88,3.8, 11, 0
0.02,3.82,3.8, 74, 0
0.02,3.66,3.8, 324, 0
0.02,4.06,3.8, 1169, 0
0.02,3.8,3.8, 34, 0
0.02,4.06,3.8, 105, 0
0.02,4.06,3.8, 51, 0
0.02,3.74,3.8, 106, 0
0.02,4.2,3.8, 209, 0
0.02,3.62,3.8, 13, 0
0.02,4.02,3.8, 439, 0
0.02,3.76,3.8, 58, 0
0.02,3.86,3.8, 505, 0
0.02,3.82,3.8, 213, 0
0.02,3.96,3.8, 15, 0
0.02,4.18,3.8, 3401, 0
0.02,3.68,3.8, 306, 0
0.02,4.12,3.8, 522, 0
0.02,4.22,3.8, 49, 0
0.02,4.06,3.8, 234, 0
0.02,3.72,3.8, 8645, 100
0.02,3.68,3.8, 560, 0
0.02,3.8,3.8, 158, 0
0.02,4.12,3.8, 1229, 0
0.02,4.12,3.8, 118, 0
0.02,3.96,3.8, 132, 0
0.02,4.24,3.8, 59, 0
0.02,4.02,3.8, 14, 0
0.02,3.66,3.8, 9, 0
0.02,4.06,3.8, 30, 0
0.02,3.9,3.8, 77, 0
0.02,4.06,3.8, 188, 0
0.02,3.5,3.8, 22, 0
0.02,3.7,3.8, 238, 0
0.02,3.82,3.8, 132, 0
0.02,3.96,3.8, 40, 0
0.02,3.64,3.8, 73, 0
0.02,3.82,3.8, 11178, 100
0.02,3.74,3.8, 3265, 0
0.02,3.8,3.8, 216, 0
0.02,3.96,3.8, 925, 0
0.02,3.84,3.8, 96, 0
0.02,4.06,3.8, 75, 0
0.02,3.74,3.8, 32, 0
0.02,3.74,3.8, 63, 0
0.02,3.62,3.8, 52, 0
0.02,3.98,3.8, 6, 0
0.02,4.0,3.8, 869, 0
0.02,3.86,3.8, 206, 0
0.02,4.04,3.8, 40, 0
0.02,3.76,3.8, 19, 0
0.02,4.32,3.8, 6, 0
0.02,4.2,3.8, 75, 0
0.02,3.82,3.8, 101, 0
0.02,4.08,3.8, 1423, 0
0.02,4.06,3.8, 317, 0
0.02,3.7,3.8, 79, 0
0.02,3.94,3.8, 85, 0
0.02,4.14,3.8, 161, 0
0.02,3.7,3.8, 38, 0
0.02,3.86,3.8, 2, 0
0.02,3.84,3.8, 173, 0
0.02,4.1,3.8, 64, 0
0.02,3.66,3.8, 1, 0
0.02,3.88,3.8, 376, 0
0.02,4.18,3.8, 23, 0
0.02,3.64,3.8, 2, 0
0.02,3.72,3.8, 25, 0
0.02,3.9,3.8, 38, 0
0.02,3.66,3.8, 20, 0
0.02,4.22,3.8, 85, 0
0.02,4.0,3.8, 176, 0
0.02,3.98,3.8, 69, 0
0.02,3.76,3.8, 1939, 0
0.02,3.68,3.8, 228, 0
0.02,4.1,3.8, 6, 0
0.02,3.86,3.8, 497, 0
0.02,4.02,3.8, 182, 0
0.02,3.9,3.8, 169, 0
0.02,3.86,3.8, 76, 0
0.02,3.98,3.8, 10, 0
0.02,3.62,3.8, 95, 0
0.02,3.9,3.8, 99, 0
0.02,4.04,3.8, 15, 0
0.02,3.76,3.8, 22, 0
0.02,4.48,3.8, 42, 0
0.02,4.0,3.8, 466, 0
0.02,3.82,3.8, 2505, 0
0.02,4.08,3.8, 1053, 0
0.02,3.54,3.8, 224, 0
0.02,4.12,3.8, 449, 0
0.02,3.7,3.8, 43, 0
0.02,4.04,3.8, 42, 0
0.02,3.9,3.8, 12, 0
0.02,3.98,3.8, 364, 0
0.02,3.56,3.8, 564, 0
0.02,4.06,3.8, 373, 0
0.02,3.98,3.8, 204, 0
0.02,3.68,3.8, 253, 0
0.02,4.0,3.8, 17, 0
0.02,3.84,3.8, 10114, 100
0.02,4.04,3.8, 158, 0
0.02,3.9,3.8, 740, 0
0.02,3.92,3.8, 19, 0
0.02,4.38,3.8, 9, 0
0.02,3.94,3.8, 6734, 100
0.02,3.78,3.8, 347, 0
0.02,3.84,3.8, 119, 0
0.02,3.86,3.8, 608, 0
0.02,3.84,3.8, 59, 0
0.02,3.9,3.8, 103, 0
0.02,3.94,3.8, 177, 0
0.02,3.92,3.8, 560, 0
0.02,3.86,3.8, 431, 0
0.02,4.12,3.8, 1, 0
0.02,3.7,3.8, 1, 0
0.02,4.08,3.8, 14, 0
0.02,3.8,3.8, 62, 0
0.02,3.48,3.8, 43, 0
0.02,3.6,3.8, 81, 0
0.02,4.3,3.8, 193, 0
0.02,3.72,3.8, 446, 0
0.02,3.9,3.8, 287, 0
0.02,3.98,3.8, 78, 0
0.02,3.66,3.8, 13, 0
0.02,3.84,3.8, 242, 0
0.02,3.94,3.8, 26, 0
0.02,3.98,3.8, 93, 0
0.02,3.78,3.8, 153, 0
0.02,4.12,3.8, 1, 0
0.02,4.14,3.8, 712, 0
0.02,3.72,3.8, 87, 0
0.02,3.9,3.8, 37, 0
0.02,3.94,3.8, 72, 0
0.02,3.84,3.8, 1797, 0
0.02,4.14,3.8, 83, 0
0.02,3.92,3.8, 17, 0
0.02,3.92,3.8, 564, 0
0.02,3.9,3.8, 255, 0
0.02,3.86,3.8, 98, 0
0.02,4.1,3.8, 1871, 0
0.02,3.98,3.8, 760, 0
0.02,3.8,3.8, 71, 0
0.02,4.18,3.8, 37, 0
0.02,3.64,3.8, 187, 0
0.02,4.16,3.8, 28, 0
0.02,4.32,3.8, 550, 0
0.02,3.76,3.8, 588, 0
0.02,4.24,3.8, 131, 0
0.02,4.1,3.8, 101, 0
0.02,3.96,3.8, 24, 0
0.02,3.72,3.8, 10468, 100
0.02,3.88,3.8, 303, 0
0.02,4.32,3.8, 51, 0
0.02,3.96,3.8, 137, 0
0.02,3.66,3.8, 112, 0
0.02,3.76,3.8, 4748, 0
0.02,3.56,3.8, 141, 0
0.02,3.7,3.8, 107, 0
0.02,3.74,3.8, 12, 0
0.02,3.54,3.8, 17, 0
0.02,3.72,3.8, 8, 0
0.02,4.02,3.8, 5, 0
0.02,3.98,3.8, 345, 0
0.02,3.78,3.8, 240, 0
0.02,3.58,3.8, 64, 0
0.02,4.0,3.8, 190, 0
0.02,4.28,3.8, 53, 0
0.02,4.38,3.8, 98, 0
0.02,4.0,3.8, 1965, 0
0.02,4.18,3.8, 20, 0
0.02,4.0,3.8, 8, 0
0.02,3.74,3.8, 292, 0
0.02,3.74,3.8, 37, 0
0.02,3.8,3.8, 25, 0
0.02,4.04,3.8, 652, 0
0.02,3.94,3.8, 45, 0
0.02,3.98,3.8, 58, 0
0.02,3.88,3.8, 26, 0
0.02,3.7,3.8, 56, 0
0.02,3.98,3.8, 71, 0
0.02,3.66,3.8, 20, 0
0.02,3.88,3.8, 69, 0
0.02,3.82,3.8, 87, 0
0.02,4.24,3.8, 52, 0
0.02,3.94,3.8, 60, 0
0.02,3.96,3.8, 264, 0
0.02,3.7,3.8, 133, 0
0.02,4.0,3.8, 27, 0
0.02,3.7,3.8, 1127, 0
0.02,3.86,3.8, 176, 0
0.02,4.0,3.8, 74, 0
0.02,4.12,3.8, 24, 0
0.02,3.94,3.8, 414, 0
0.02,3.4,3.8, 182, 0
0.02,4.04,3.8, 47, 0
0.02,4.32,3.8, 288, 0
0.02,4.06,3.8, 22, 0
0.02,3.7,3.8, 164, 0
0.02,4.18,3.8, 6, 0
0.02,3.94,3.8, 7725, 0
0.02,3.82,3.8, 215, 0
0.02,4.04,3.8, 41, 0
0.02,4.18,3.8, 1002, 0
0.02,3.84,3.8, 77, 0
0.02,4.12,3.8, 220, 0
0.02,3.94,3.8, 183, 0
0.02,3.78,3.8, 73, 0
0.02,3.76,3.8, 1155, 0
0.02,4.2,3.8, 176, 0
0.02,4.12,3.8, 20, 0
0.02,4.18,3.8, 150, 0
0.02,4.02,3.8, 59, 0
0.02,4.38,3.8, 2, 0
0.02,4.0,3.8, 76, 0
0.02,3.64,3.8, 1587, 0
0.02,3.94,3.8, 14, 0
0.02,3.74,3.8, 20, 0
0.02,3.78,3.8, 18, 0
0.02,3.6,3.8, 74, 0
0.02,4.18,3.8, 45, 0
0.02,3.92,3.8, 91, 0
0.02,3.88,3.8, 218, 0
0.02,3.92,3.8, 4, 0
0.02,4.02,3.8, 124, 0
0.02,4.08,3.8, 24, 0
0.02,3.78,3.8, 2561, 0
0.02,3.6,3.8, 80, 0
0.02,4.16,3.8, 186, 0
0.02,3.84,3.8, 40, 0
0.02,3.34,3.8, 417, 0
0.02,4.2,3.8, 8250, 100
0.02,3.88,3.8, 211, 0
0.02,3.94,3.8, 27, 0
0.02,3.7,3.8, 2635, 0
0.02,3.84,3.8, 58, 0
0.02,3.88,3.8, 132, 0
0.02,4.32,3.8, 70, 0
0.02,3.88,3.8, 96, 0
0.02,3.78,3.8, 167, 0
0.02,3.8,3.8, 527, 0
0.02,3.82,3.8, 1383, 0
0.02,4.0,3.8, 1649, 0
0.02,3.72,3.8, 70, 0
0.02,4.06,3.8, 35, 0
0.02,4.08,3.8, 9636, 100
0.02,4.02,3.8, 25, 0
0.02,3.58,3.8, 12, 0
0.02,4.14,3.8, 189, 0
0.02,4.22,3.8, 31, 0
0.02,3.96,3.8, 10, 0
0.02,3.94,3.8, 303, 0
0.02,3.74,3.8, 72, 0
0.02,3.86,3.8, 460, 0
0.02,3.92,3.8, 25, 0
0.02,3.96,3.8, 143, 0
0.02,4.0,3.8, 306, 0
0.02,3.94,3.8, 45, 0
0.02,3.6,3.8, 879, 0
0.02,3.8,3.8, 242, 0
0.02,3.64,3.8, 129, 0
0.02,3.98,3.8, 129, 0
0.02,3.74,3.8, 33, 0
0.02,3.48,3.8, 213, 0
0.02,3.56,3.8, 16032, 100
0.02,3.5,3.8, 1551, 0
0.02,3.5,3.8, 197, 0
0.02,3.84,3.8, 59, 0
0.02,3.86,3.8, 62, 0
0.02,3.92,3.8, 275, 0
0.02,4.14,3.8, 61, 0
0.02,4.02,3.8, 46, 0
0.02,3.9,3.8, 166, 0
0.02,3.8,3.8, 31, 0
0.02,3.9,3.8, 56, 0
0.02,3.96,3.8, 364, 0
0.02,3.92,3.8, 340, 0
0.02,3.94,3.8, 121, 0
0.02,3.84,3.8, 59, 0
0.02,3.4,3.8, 99, 0
0.02,3.88,3.8, 1369, 0
0.02,4.06,3.8, 3, 0
0.02,3.86,3.8, 64, 0
0.02,4.08,3.8, 23, 0
0.02,4.04,3.8, 6003, 100
0.02,4.16,3.8, 100, 0
0.02,3.78,3.8, 2, 0
0.02,3.88,3.8, 76, 0
0.02,3.94,3.8, 52, 0
0.02,3.78,3.8, 1246, 0
0.02,3.64,3.8, 59, 0
0.02,3.9,3.8, 189, 0
0.02,4.08,3.8, 232, 0
0.02,3.5,3.8, 271, 0
0.02,4.06,3.8, 78, 0
0.02,3.68,3.8, 229, 0
0.02,4.06,3.8, 44, 0
0.02,3.82,3.8, 728, 0
0.02,4.16,3.8, 19, 0
0.02,3.82,3.8, 12099, 100
0.02,3.82,3.8, 65, 0
0.02,3.96,3.8, 120, 0
0.02,3.68,3.8, 142, 0
0.02,3.98,3.8, 206, 0
0.02,3.8,3.8, 309, 0
0.02,4.2,3.8, 52, 0
0.02,3.94,3.8, 2, 0
0.02,4.06,3.8, 114, 0
0.02,3.78,3.8, 157, 0
0.02,3.78,3.8, 3, 0
0.02,4.0,3.8, 421, 0
0.02,4.14,3.8, 2317, 0
0.02,3.98,3.8, 25, 0
0.02,3.76,3.8, 1, 0
0.02,4.06,3.8, 187, 0
0.02,3.86,3.8, 442, 0
0.02,3.84,3.8, 48, 0
0.02,4.06,3.8, 271, 0
0.02,3.86,3.8, 20, 0
0.02,4.18,3.8, 124, 0
0.02,3.88,3.8, 1161, 0
0.02,3.82,3.8, 24, 0
0.02,3.78,3.8, 78, 0
0.02,3.88,3.8, 18, 0
0.02,4.08,3.8, 53, 0
0.02,4.12,3.8, 794, 0
0.02,4.06,3.8, 1483, 0
0.02,4.14,3.8, 11, 0
0.02,4.02,3.8, 434, 0
0.02,4.16,3.8, 39, 0
0.02,3.7,3.8, 114, 0
0.02,4.26,3.8, 13, 0
0.02,3.88,3.8, 14, 0
0.02,4.06,3.8, 98, 0
0.02,4.16,3.8, 115, 0
0.02,3.84,3.8, 313, 0
0.02,4.16,3.8, 679, 0
0.02,3.92,3.8, 49, 0
0.02,4.06,3.8, 6, 0
0.02,3.72,3.8, 10, 0
0.02,4.32,3.8, 317, 0
0.02,3.52,3.8, 397, 0
0.02,3.98,3.8, 64, 0
0.02,4.16,3.8, 29, 0
0.02,4.12,3.8, 11, 0
0.02,3.88,3.8, 28, 0
0.02,3.96,3.8, 1, 0
0.02,3.8,3.8, 55, 0
0.02,3.62,3.8, 79, 0
0.02,3.66,3.8, 346, 0
0.02,3.76,3.8, 22, 0
0.02,3.86,3.8, 28, 0
0.02,4.02,3.8, 104, 0
0.02,3.7,3.8, 1655, 0
0.02,4.2,3.8, 64, 0
0.02,4.1,3.8, 11, 0
0.02,3.88,3.8, 153, 0
0.02,3.76,3.8, 63, 0
0.02,4.18,3.8, 46, 0
0.02,3.7,3.8, 42, 0
0.02,4.28,3.8, 389, 0
0.02,3.96,3.8, 3776, 100
0.02,4.3,3.8, 1396, 0
0.02,4.12,3.8, 175, 0
0.02,3.68,3.8, 124, 0
0.02,3.88,3.8, 12629, 100
0.02,3.74,3.8, 80, 0
0.02,3.64,3.8, 5519, 0
0.02,4.02,3.8, 461, 0
0.02,4.04,3.8, 864, 0
0.02,3.9,3.8, 5856, 0
0.02,3.86,3.8, 66, 0
0.02,3.6,3.8, 27, 0
0.02,3.9,3.8, 57, 0
0.02,4.3,3.8, 6740, 100
0.02,3.94,3.8, 81, 0
0.02,4.18,3.8, 189, 0
0.02,3.72,3.8, 1, 0
0.02,3.68,3.8, 10891, 100
0.02,3.98,3.8, 12, 0
0.02,3.66,3.8, 8932, 100
0.02,4.16,3.8, 35, 0
0.02,3.6,3.8, 1007, 0
0.02,4.06,3.8, 209, 0
0.02,3.86,3.8, 33, 0
0.02,4.18,3.8, 480, 0
0.02,3.82,3.8, 19, 0
0.02,4.34,3.8, 37, 0
0.02,3.78,3.8, 63, 0
0.02,3.82,3.8, 70, 0
0.02,3.92,3.8, 294, 0
0.02,4.04,3.8, 512, 0
0.02,3.84,3.8, 145, 0
0.02,4.02,3.8, 13, 0
0.02,4.14,3.8, 4, 0
0.02,4.2,3.8, 19331, 0
0.02,4.02,3.8, 122, 0
0.02,4.14,3.8, 299, 0
0.02,3.76,3.8, 9, 0
0.02,3.58,3.8, 19, 0
0.02,4.0,3.8, 114, 0
0.02,3.76,3.8, 181, 0
0.02,3.92,3.8, 248, 0
0.02,4.12,3.8, 28, 0
0.02,3.74,3.8, 81, 0
0.02,4.04,3.8, 224, 0
0.02,3.62,3.8, 248, 0
0.02,3.84,3.8, 167, 0
0.02,3.94,3.8, 913, 0
0.02,3.68,3.8, 697, 0
0.02,3.62,3.8, 74, 0
0.02,4.32,3.8, 177, 0
0.02,4.14,3.8, 346, 0
0.02,3.54,3.8, 111, 0
0.02,3.92,3.8, 3694, 0
0.02,4.16,3.8, 78, 0
0.02,3.84,3.8, 359, 0
0.02,3.94,3.8, 943, 0
0.02,3.78,3.8, 609, 0
0.02,3.94,3.8, 951, 0
0.02,3.84,3.8, 71, 0
0.02,4.04,3.8, 802, 0
0.02,3.96,3.8, 19, 0
0.02,3.8,3.8, 184, 0
0.02,3.94,3.8, 6, 0
0.02,4.06,3.8, 73, 0
0.02,3.96,3.8, 23, 0
0.02,4.08,3.8, 95, 0
0.02,4.02,3.8, 482, 0
0.02,4.0,3.8, 648, 0
0.02,3.94,3.8, 15, 0
0.02,3.84,3.8, 786, 0
0.02,4.02,3.8, 57, 0
0.02,4.04,3.8, 59, 0
0.02,3.82,3.8, 170, 0
0.02,3.76,3.8, 84, 0
0.02,3.64,3.8, 243, 0
0.02,4.0,3.8, 91, 0
0.02,3.98,3.8, 2134, 0
0.02,3.66,3.8, 251, 0
0.02,4.08,3.8, 492, 0
0.02,4.02,3.8, 188, 0
0.02,3.88,3.8, 1464, 0
0.02,3.9,3.8, 3, 0
0.02,3.66,3.8, 988, 0
0.02,3.92,3.8, 9956, 100
0.02,4.2,3.8, 11, 0
0.02,3.98,3.8, 117, 0
0.02,3.74,3.8, 51, 0
0.02,3.74,3.8, 190, 0
0.02,3.88,3.8, 932, 0
0.02,3.96,3.8, 4148, 0
0.02,3.96,3.8, 35, 0
0.02,3.84,3.8, 78, 0
0.02,3.94,3.8, 272, 0
0.02,4.08,3.8, 595, 0
0.02,3.88,3.8, 3, 0
0.02,4.02,3.8, 22, 0
0.02,3.84,3.8, 15, 0
0.02,4.1,3.8, 141, 0
0.02,4.36,3.8, 72, 0
0.02,3.84,3.8, 84, 0
0.02,4.16,3.8, 16, 0
0.02,3.64,3.8, 1395, 0
0.02,4.18,3.8, 586, 0
0.02,3.78,3.8, 225, 0
0.02,3.84,3.8, 304, 0
0.02,4.2,3.8, 34, 0
0.02,3.76,3.8, 246, 0
0.02,4.28,3.8, 546, 0
0.02,3.92,3.8, 1292, 0
0.02,3.88,3.8, 230, 0
0.02,3.96,3.8, 473, 0
0.02,3.82,3.8, 2, 0
0.02,3.94,3.8, 107, 0
0.02,3.46,3.8, 30, 0
0.02,3.28,3.8, 18, 0
0.02,3.78,3.8, 1795, 0
0.02,3.68,3.8, 231, 0
0.02,3.94,3.8, 6893, 0
0.02,3.68,3.8, 680, 0
0.02,3.86,3.8, 208, 0
0.02,4.06,3.8, 71, 0
0.02,3.8,3.8, 12, 0
0.02,3.96,3.8, 92, 0
0.02,3.74,3.8, 90, 0
0.02,3.82,3.8, 65, 0
0.02,4.04,3.8, 111, 0
0.02,4.08,3.8, 6738, 100
0.02,3.56,3.8, 47, 0
0.02,3.98,3.8, 17, 0
0.02,4.08,3.8, 329, 0
0.02,4.02,3.8, 789, 0
0.02,3.7,3.8, 32, 0
0.02,4.14,3.8, 2830, 0
0.02,4.12,3.8, 151, 0
0.02,3.84,3.8, 892, 0
0.02,4.16,3.8, 85, 0
0.02,4.18,3.8, 532, 0
0.02,4.2,3.8, 1359, 0
0.02,3.98,3.8, 8071, 0
0.02,4.0,3.8, 795, 0
0.02,3.82,3.8, 59, 0
0.02,3.82,3.8, 4342, 0
0.02,3.92,3.8, 65, 0
0.02,4.12,3.8, 96, 0
0.02,3.94,3.8, 22, 0
0.02,3.8,3.8, 96, 0
0.02,3.66,3.8, 72, 0
0.02,3.96,3.8, 249, 0
0.02,3.76,3.8, 98, 0
0.02,3.84,3.8, 73, 0
0.02,3.7,3.8, 4, 0
0.02,3.84,3.8, 22, 0
