p, k, b/c, n, result
0.02,3.6,3.7, 16, 0
0.02,3.96,3.7, 9, 0
0.02,4.44,3.7, 1357, 0
0.02,3.6,3.7, 63, 0
0.02,3.86,3.7, 157, 0
0.02,3.62,3.7, 36, 0
0.02,3.82,3.7, 2746, 0
0.02,3.64,3.7, 84, 0
0.02,3.86,3.7, 125, 0
0.02,3.94,3.7, 12, 0
0.02,4.22,3.7, 889, 0
0.02,4.32,3.7, 29, 0
0.02,3.86,3.7, 24, 0
0.02,3.74,3.7, 311, 0
0.02,3.76,3.7, 11, 0
0.02,4.42,3.7, 5, 0
0.02,3.7,3.7, 35, 0
0.02,3.94,3.7, 40, 0
0.02,3.96,3.7, 610, 0
0.02,3.92,3.7, 28, 0
0.02,4.16,3.7, 66, 0
0.02,4.0,3.7, 292, 0
0.02,3.92,3.7, 203, 0
0.02,4.04,3.7, 112, 0
0.02,3.84,3.7, 23, 0
0.02,4.0,3.7, 76, 0
0.02,3.8,3.7, 59, 0
0.02,3.74,3.7, 135, 0
0.02,3.7,3.7, 559, 0
0.02,3.68,3.7, 10, 0
0.02,3.8,3.7, 588, 0
0.02,3.68,3.7, 8, 0
0.02,3.62,3.7, 1778, 0
0.02,3.76,3.7, 11749, 100
0.02,3.5,3.7, 12, 0
0.02,4.06,3.7, 74, 0
0.02,4.2,3.7, 5322, 100
0.02,3.88,3.7, 361, 0
0.02,3.9,3.7, 7, 0
0.02,3.7,3.7, 46, 0
0.02,4.1,3.7, 149, 0
0.02,4.14,3.7, 23, 0
0.02,3.9,3.7, 69, 0
0.02,3.86,3.7, 46, 0
0.02,4.12,3.7, 813, 0
0.02,4.0,3.7, 138, 0
0.02,3.6,3.7, 545, 0
0.02,3.96,3.7, 19, 0
0.02,3.94,3.7, 101, 0
0.02,3.86,3.7, 283, 0
0.02,3.78,3.7, 12162, 100
0.02,4.0,3.7, 422, 0
0.02,4.02,3.7, 37, 0
0.02,4.22,3.7, 340, 0
0.02,3.7,3.7, 142, 0
0.02,4.3,3.7, 259, 0
0.02,4.14,3.7, 27, 0
0.02,3.56,3.7, 135, 0
0.02,3.82,3.7, 23, 0
0.02,3.54,3.7, 35, 0
0.02,3.9,3.7, 4033, 100
0.02,4.26,3.7, 80, 0
0.02,3.4,3.7, 426, 0
0.02,4.0,3.7, 2, 0
0.02,4.14,3.7, 97, 0
0.02,3.78,3.7, 29, 0
0.02,3.84,3.7, 69, 0
0.02,4.06,3.7, 36, 0
0.02,3.82,3.7, 57, 0
0.02,3.84,3.7, 8, 0
0.02,3.72,3.7, 13960, 100
0.02,4.12,3.7, 22, 0
0.02,3.74,3.7, 238, 0
0.02,3.98,3.7, 5, 0
0.02,3.66,3.7, 133, 0
0.02,4.04,3.7, 4070, 0
0.02,4.0,3.7, 232, 0
0.02,3.9,3.7, 39, 0
0.02,3.34,3.7, 17746, 100
0.02,3.78,3.7, 68, 0
0.02,3.94,3.7, 214, 0
0.02,4.28,3.7, 124, 0
0.02,4.4,3.7, 288, 0
0.02,4.12,3.7, 323, 0
0.02,3.6,3.7, 8, 0
0.02,3.98,3.7, 21, 0
0.02,4.04,3.7, 1312, 0
0.02,4.1,3.7, 38, 0
0.02,3.88,3.7, 1265, 0
0.02,3.84,3.7, 119, 0
0.02,3.7,3.7, 1965, 0
0.02,3.94,3.7, 237, 0
0.02,3.64,3.7, 44, 0
0.02,3.62,3.7, 16, 0
0.02,3.9,3.7, 29, 0
0.02,3.88,3.7, 689, 0
0.02,3.76,3.7, 1767, 0
0.02,3.78,3.7, 26, 0
0.02,3.84,3.7, 10, 0
0.02,4.02,3.7, 200, 0
0.02,4.12,3.7, 453, 0
0.02,3.78,3.7, 195, 0
0.02,3.98,3.7, 59, 0
0.02,3.68,3.7, 78, 0
0.02,3.84,3.7, 55, 0
0.02,3.88,3.7, 78, 0
0.02,3.7,3.7, 247, 0
0.02,4.12,3.7, 23, 0
0.02,4.18,3.7, 43, 0
0.02,4.34,3.7, 1305, 0
0.02,3.84,3.7, 171, 0
0.02,3.74,3.7, 59, 0
0.02,4.04,3.7, 53, 0
0.02,3.96,3.7, 211, 0
0.02,3.9,3.7, 279, 0
0.02,4.0,3.7, 91, 0
0.02,3.8,3.7, 14, 0
0.02,4.06,3.7, 7231, 0
0.02,3.94,3.7, 302, 0
0.02,3.7,3.7, 61, 0
0.02,4.0,3.7, 21, 0
0.02,3.92,3.7, 236, 0
0.02,3.82,3.7, 217, 0
0.02,3.8,3.7, 38, 0
0.02,3.72,3.7, 83, 0
0.02,4.06,3.7, 844, 0
0.02,4.06,3.7, 115, 0
0.02,3.58,3.7, 17, 0
0.02,3.88,3.7, 55, 0
0.02,3.86,3.7, 34, 0
0.02,4.06,3.7, 8239, 0
0.02,3.74,3.7, 19, 0
0.02,4.2,3.7, 13892, 100
0.02,3.96,3.7, 798, 0
0.02,4.08,3.7, 15, 0
0.02,3.64,3.7, 65, 0
0.02,4.06,3.7, 206, 0
0.02,3.58,3.7, 796, 0
0.02,4.02,3.7, 352, 0
0.02,3.94,3.7, 24, 0
0.02,3.78,3.7, 9838, 0
0.02,4.08,3.7, 6342, 0
0.02,3.96,3.7, 48, 0
0.02,4.04,3.7, 390, 0
0.02,3.7,3.7, 403, 0
0.02,4.04,3.7, 135, 0
0.02,3.92,3.7, 695, 0
0.02,4.2,3.7, 811, 0
0.02,3.76,3.7, 199, 0
0.02,4.1,3.7, 203, 0
0.02,4.0,3.7, 447, 0
0.02,3.8,3.7, 13, 0
0.02,3.98,3.7, 692, 0
0.02,3.92,3.7, 30, 0
0.02,4.0,3.7, 661, 0
0.02,3.64,3.7, 38, 0
0.02,4.3,3.7, 599, 0
0.02,3.74,3.7, 775, 0
0.02,3.86,3.7, 14, 0
0.02,4.02,3.7, 240, 0
0.02,3.66,3.7, 35, 0
0.02,3.8,3.7, 234, 0
0.02,3.96,3.7, 151, 0
0.02,3.78,3.7, 31, 0
0.02,3.9,3.7, 99, 0
0.02,3.84,3.7, 49, 0
0.02,3.66,3.7, 10, 0
0.02,3.72,3.7, 433, 0
0.02,3.8,3.7, 40, 0
0.02,3.84,3.7, 22452, 100
0.02,4.0,3.7, 5, 0
0.02,4.26,3.7, 7451, 100
0.02,4.2,3.7, 36, 0
0.02,4.12,3.7, 45, 0
0.02,3.7,3.7, 12215, 0
0.02,4.06,3.7, 13022, 100
0.02,4.0,3.7, 52, 0
0.02,3.6,3.7, 12, 0
0.02,3.84,3.7, 3, 0
0.02,3.66,3.7, 319, 0
0.02,4.14,3.7, 30, 0
0.02,4.06,3.7, 1228, 0
0.02,3.96,3.7, 389, 0
0.02,3.96,3.7, 582, 0
0.02,4.2,3.7, 79, 0
0.02,3.64,3.7, 13, 0
0.02,3.78,3.7, 141, 0
0.02,3.98,3.7, 231, 0
0.02,4.12,3.7, 5190, 100
0.02,3.92,3.7, 80, 0
0.02,3.64,3.7, 1073, 0
0.02,4.06,3.7, 51, 0
0.02,4.0,3.7, 61, 0
0.02,3.76,3.7, 89, 0
0.02,3.98,3.7, 93, 0
0.02,3.98,3.7, 27, 0
0.02,3.96,3.7, 91, 0
0.02,4.04,3.7, 9, 0
0.02,3.92,3.7, 317, 0
0.02,3.94,3.7, 4020, 0
0.02,3.86,3.7, 114, 0
0.02,3.9,3.7, 62, 0
0.02,3.86,3.7, 218, 0
0.02,3.8,3.7, 726, 0
0.02,4.22,3.7, 894, 0
0.02,4.2,3.7, 22, 0
0.02,3.96,3.7, 20, 0
0.02,4.02,3.7, 16, 0
0.02,4.04,3.7, 30, 0
0.02,3.66,3.7, 318, 0
0.02,4.28,3.7, 142, 0
0.02,3.98,3.7, 96, 0
0.02,4.06,3.7, 44, 0
0.02,3.94,3.7, 795, 0
0.02,3.88,3.7, 36, 0
0.02,3.96,3.7, 264, 0
0.02,3.98,3.7, 569, 0
0.02,4.02,3.7, 120, 0
0.02,4.02,3.7, 49, 0
0.02,4.02,3.7, 130, 0
0.02,3.74,3.7, 7, 0
0.02,3.92,3.7, 290, 0
0.02,3.96,3.7, 1183, 0
0.02,3.88,3.7, 75, 0
0.02,3.68,3.7, 247, 0
0.02,3.96,3.7, 229, 0
0.02,3.78,3.7, 9330, 100
0.02,3.92,3.7, 379, 0
0.02,4.06,3.7, 9, 0
0.02,3.62,3.7, 368, 0
0.02,4.1,3.7, 329, 0
0.02,3.98,3.7, 7, 0
0.02,4.04,3.7, 182, 0
0.02,3.9,3.7, 93, 0
0.02,4.12,3.7, 117, 0
0.02,3.98,3.7, 131, 0
0.02,4.22,3.7, 15, 0
0.02,3.98,3.7, 57, 0
0.02,4.16,3.7, 54, 0
0.02,4.18,3.7, 72, 0
0.02,3.94,3.7, 225, 0
0.02,3.78,3.7, 46, 0
0.02,4.16,3.7, 81, 0
0.02,3.66,3.7, 757, 0
0.02,3.82,3.7, 79, 0
0.02,4.24,3.7, 592, 0
0.02,3.96,3.7, 309, 0
0.02,3.52,3.7, 50, 0
0.02,3.74,3.7, 222, 0
0.02,3.72,3.7, 2723, 0
0.02,3.78,3.7, 2833, 0
0.02,4.34,3.7, 1882, 0
0.02,4.24,3.7, 1188, 0
0.02,3.6,3.7, 34, 0
0.02,4.06,3.7, 73, 0
0.02,4.02,3.7, 20, 0
0.02,3.76,3.7, 551, 0
0.02,3.7,3.7, 351, 0
0.02,4.18,3.7, 14, 0
0.02,3.78,3.7, 6876, 100
0.02,3.8,3.7, 39, 0
0.02,4.08,3.7, 12631, 100
0.02,4.22,3.7, 6953, 0
0.02,4.14,3.7, 88, 0
0.02,3.64,3.7, 12, 0
0.02,4.02,3.7, 192, 0
0.02,3.6,3.7, 4, 0
0.02,3.9,3.7, 3, 0
0.02,4.02,3.7, 2859, 0
0.02,4.32,3.7, 84, 0
0.02,4.3,3.7, 113, 0
0.02,4.06,3.7, 111, 0
0.02,3.94,3.7, 5221, 0
0.02,4.02,3.7, 13, 0
0.02,3.7,3.7, 291, 0
0.02,4.12,3.7, 76, 0
0.02,4.06,3.7, 24, 0
0.02,3.72,3.7, 80, 0
0.02,4.08,3.7, 251, 0
0.02,3.82,3.7, 51, 0
0.02,3.84,3.7, 326, 0
0.02,4.22,3.7, 71, 0
0.02,3.66,3.7, 214, 0
0.02,3.98,3.7, 19, 0
0.02,4.1,3.7, 414, 0
0.02,3.84,3.7, 534, 0
0.02,4.16,3.7, 569, 0
0.02,3.86,3.7, 10, 0
0.02,3.78,3.7, 703, 0
0.02,4.06,3.7, 347, 0
0.02,3.92,3.7, 180, 0
0.02,3.86,3.7, 78, 0
0.02,4.22,3.7, 158, 0
0.02,3.74,3.7, 148, 0
0.02,3.7,3.7, 2, 0
0.02,4.08,3.7, 1011, 0
0.02,3.72,3.7, 1, 0
0.02,3.86,3.7, 65, 0
0.02,3.8,3.7, 20, 0
0.02,3.36,3.7, 448, 0
0.02,4.36,3.7, 27, 0
0.02,4.08,3.7, 4420, 0
0.02,4.02,3.7, 1169, 0
0.02,3.64,3.7, 4965, 100
0.02,3.92,3.7, 25, 0
0.02,3.92,3.7, 1118, 0
0.02,3.82,3.7, 94, 0
0.02,3.82,3.7, 347, 0
0.02,4.0,3.7, 59, 0
0.02,4.12,3.7, 65, 0
0.02,3.92,3.7, 160, 0
0.02,4.02,3.7, 43, 0
0.02,3.72,3.7, 75, 0
0.02,3.92,3.7, 5, 0
0.02,3.88,3.7, 120, 0
0.02,4.04,3.7, 6057, 0
0.02,4.3,3.7, 581, 0
0.02,3.84,3.7, 2747, 0
0.02,3.72,3.7, 147, 0
0.02,3.8,3.7, 160, 0
0.02,4.18,3.7, 505, 0
0.02,4.22,3.7, 8, 0
0.02,3.8,3.7, 591, 0
0.02,4.06,3.7, 17, 0
0.02,4.06,3.7, 338, 0
0.02,4.14,3.7, 50, 0
0.02,3.94,3.7, 10, 0
0.02,3.72,3.7, 377, 0
0.02,3.94,3.7, 145, 0
0.02,3.72,3.7, 283, 0
0.02,4.18,3.7, 155, 0
0.02,3.9,3.7, 140, 0
0.02,4.22,3.7, 349, 0
0.02,4.12,3.7, 711, 0
0.02,3.62,3.7, 526, 0
0.02,4.04,3.7, 13141, 100
0.02,3.64,3.7, 12, 0
0.02,4.1,3.7, 312, 0
0.02,4.22,3.7, 10, 0
0.02,4.12,3.7, 62, 0
0.02,3.84,3.7, 4528, 0
0.02,3.76,3.7, 12, 0
0.02,3.86,3.7, 166, 0
0.02,3.94,3.7, 636, 0
0.02,3.88,3.7, 53, 0
0.02,3.82,3.7, 1292, 0
0.02,3.9,3.7, 598, 0
0.02,4.02,3.7, 33, 0
0.02,3.84,3.7, 264, 0
0.02,3.8,3.7, 125, 0
0.02,3.56,3.7, 48, 0
0.02,3.98,3.7, 81, 0
0.02,3.8,3.7, 202, 0
0.02,4.28,3.7, 279, 0
0.02,4.02,3.7, 63, 0
0.02,4.08,3.7, 562, 0
0.02,4.1,3.7, 631, 0
0.02,3.58,3.7, 20, 0
0.02,4.16,3.7, 153, 0
0.02,4.02,3.7, 45, 0
0.02,3.8,3.7, 9, 0
0.02,4.0,3.7, 14, 0
0.02,4.1,3.7, 82, 0
0.02,3.58,3.7, 63, 0
0.02,3.76,3.7, 12, 0
0.02,3.92,3.7, 79, 0
0.02,3.9,3.7, 58, 0
0.02,3.9,3.7, 120, 0
0.02,4.02,3.7, 197, 0
0.02,3.96,3.7, 64, 0
0.02,3.9,3.7, 30, 0
0.02,4.08,3.7, 52, 0
0.02,3.84,3.7, 14349, 100
0.02,3.84,3.7, 88, 0
0.02,3.74,3.7, 679, 0
0.02,3.7,3.7, 213, 0
0.02,3.96,3.7, 441, 0
0.02,3.86,3.7, 42, 0
0.02,3.94,3.7, 147, 0
0.02,3.74,3.7, 315, 0
0.02,4.18,3.7, 192, 0
0.02,3.96,3.7, 439, 0
0.02,4.04,3.7, 227, 0
0.02,3.7,3.7, 97, 0
0.02,3.78,3.7, 2287, 0
0.02,3.82,3.7, 447, 0
0.02,3.7,3.7, 6998, 100
0.02,3.88,3.7, 47, 0
0.02,4.1,3.7, 17, 0
0.02,4.1,3.7, 44, 0
0.02,3.52,3.7, 184, 0
0.02,3.92,3.7, 17, 0
0.02,4.26,3.7, 2, 0
0.02,3.6,3.7, 54, 0
0.02,3.82,3.7, 11338, 100
0.02,3.82,3.7, 283, 0
0.02,3.78,3.7, 6, 0
0.02,3.9,3.7, 1403, 0
0.02,3.94,3.7, 427, 0
0.02,4.42,3.7, 222, 0
0.02,3.68,3.7, 51, 0
0.02,4.26,3.7, 15080, 100
0.02,3.94,3.7, 71, 0
0.02,4.0,3.7, 53, 0
0.02,3.68,3.7, 451, 0
0.02,4.02,3.7, 12356, 100
0.02,3.84,3.7, 137, 0
0.02,4.02,3.7, 50, 0
0.02,3.88,3.7, 9, 0
0.02,3.72,3.7, 40, 0
0.02,4.2,3.7, 9336, 100
0.02,4.08,3.7, 1, 0
0.02,4.44,3.7, 32, 0
0.02,4.0,3.7, 10444, 100
0.02,3.98,3.7, 7, 0
0.02,3.84,3.7, 21, 0
0.02,3.96,3.7, 703, 0
0.02,3.98,3.7, 44, 0
0.02,3.96,3.7, 34, 0
0.02,3.64,3.7, 31, 0
0.02,4.08,3.7, 61, 0
0.02,3.98,3.7, 74, 0
0.02,4.36,3.7, 120, 0
0.02,4.2,3.7, 169, 0
0.02,4.28,3.7, 2192, 0
0.02,3.96,3.7, 405, 0
0.02,4.14,3.7, 30, 0
0.02,3.92,3.7, 343, 0
0.02,4.02,3.7, 9717, 100
0.02,3.78,3.7, 160, 0
0.02,4.08,3.7, 147, 0
0.02,4.1,3.7, 25, 0
0.02,3.48,3.7, 88, 0
0.02,4.08,3.7, 17, 0
0.02,3.78,3.7, 110, 0
0.02,4.02,3.7, 16, 0
0.02,4.14,3.7, 4, 0
0.02,3.8,3.7, 55, 0
0.02,3.96,3.7, 707, 0
0.02,4.0,3.7, 121, 0
0.02,4.04,3.7, 21, 0
0.02,4.08,3.7, 110, 0
0.02,3.5,3.7, 79, 0
0.02,4.2,3.7, 103, 0
0.02,3.58,3.7, 3, 0
0.02,4.1,3.7, 205, 0
0.02,3.94,3.7, 28643, 100
0.02,4.0,3.7, 700, 0
0.02,3.56,3.7, 108, 0
0.02,4.02,3.7, 340, 0
0.02,3.84,3.7, 38, 0
0.02,3.8,3.7, 563, 0
0.02,3.78,3.7, 53, 0
0.02,4.06,3.7, 54, 0
0.02,4.18,3.7, 123, 0
0.02,3.94,3.7, 531, 0
0.02,4.06,3.7, 282, 0
0.02,4.04,3.7, 635, 0
0.02,3.82,3.7, 115, 0
0.02,3.84,3.7, 235, 0
0.02,3.88,3.7, 100, 0
0.02,3.78,3.7, 10879, 100
0.02,3.94,3.7, 422, 0
0.02,3.88,3.7, 7867, 100
0.02,3.72,3.7, 25, 0
0.02,4.18,3.7, 7355, 100
0.02,3.92,3.7, 40, 0
0.02,4.04,3.7, 118, 0
0.02,4.04,3.7, 4664, 100
0.02,4.24,3.7, 96, 0
0.02,4.12,3.7, 88, 0
0.02,3.96,3.7, 769, 0
0.02,4.12,3.7, 39, 0
0.02,3.82,3.7, 109, 0
0.02,3.86,3.7, 12, 0
0.02,3.76,3.7, 183, 0
0.02,4.02,3.7, 1462, 0
0.02,3.94,3.7, 194, 0
0.02,3.78,3.7, 1, 0
0.02,4.12,3.7, 5452, 0
0.02,3.8,3.7, 171, 0
0.02,3.76,3.7, 100, 0
0.02,4.08,3.7, 287, 0
0.02,3.84,3.7, 137, 0
0.02,4.04,3.7, 165, 0
0.02,3.98,3.7, 56, 0
0.02,3.8,3.7, 4, 0
0.02,4.16,3.7, 700, 0
0.02,3.8,3.7, 28, 0
0.02,3.82,3.7, 110, 0
0.02,4.0,3.7, 91, 0
0.02,3.92,3.7, 2882, 0
0.02,3.66,3.7, 361, 0
0.02,3.86,3.7, 9, 0
0.02,3.8,3.7, 1322, 0
0.02,4.1,3.7, 436, 0
0.02,3.88,3.7, 98, 0
0.02,3.7,3.7, 139, 0
0.02,3.9,3.7, 105, 0
0.02,4.0,3.7, 111, 0
0.02,4.2,3.7, 97, 0
0.02,3.72,3.7, 402, 0
0.02,3.96,3.7, 4591, 0
0.02,3.84,3.7, 5299, 100
0.02,4.1,3.7, 3, 0
0.02,4.0,3.7, 19, 0
0.02,3.86,3.7, 335, 0
0.02,3.86,3.7, 137, 0
0.02,3.72,3.7, 75, 0
0.02,3.92,3.7, 37, 0
0.02,3.74,3.7, 172, 0
0.02,3.76,3.7, 66, 0
0.02,4.34,3.7, 1472, 0
0.02,3.82,3.7, 8257, 100
0.02,4.08,3.7, 1343, 0
0.02,4.06,3.7, 399, 0
0.02,3.98,3.7, 55, 0
0.02,4.28,3.7, 1206, 0
0.02,4.04,3.7, 216, 0
0.02,3.68,3.7, 27, 0
0.02,3.84,3.7, 14, 0
0.02,4.12,3.7, 1, 0
0.02,3.86,3.7, 114, 0
0.02,3.66,3.7, 417, 0
0.02,3.86,3.7, 1363, 0
0.02,3.84,3.7, 2, 0
0.02,3.74,3.7, 9406, 100
0.02,3.88,3.7, 29, 0
0.02,3.84,3.7, 55, 0
0.02,3.88,3.7, 3, 0
0.02,3.88,3.7, 3, 0
0.02,3.76,3.7, 273, 0
0.02,3.92,3.7, 25, 0
0.02,3.92,3.7, 40, 0
0.02,3.96,3.7, 16, 0
0.02,4.12,3.7, 421, 0
0.02,4.28,3.7, 6, 0
0.02,3.88,3.7, 2268, 0
0.02,3.92,3.7, 25, 0
0.02,3.88,3.7, 259, 0
0.02,3.94,3.7, 63, 0
0.02,3.8,3.7, 4458, 100
0.02,3.98,3.7, 12, 0
0.02,4.22,3.7, 265, 0
0.02,4.26,3.7, 45, 0
0.02,3.88,3.7, 6, 0
0.02,3.94,3.7, 148, 0
0.02,4.04,3.7, 973, 0
0.02,4.04,3.7, 107, 0
0.02,4.06,3.7, 1700, 0
0.02,3.42,3.7, 23, 0
0.02,3.74,3.7, 641, 0
0.02,3.5,3.7, 52, 0
0.02,3.88,3.7, 5106, 0
0.02,3.52,3.7, 26, 0
0.02,3.42,3.7, 41, 0
0.02,4.06,3.7, 1, 0
0.02,3.86,3.7, 2539, 0
0.02,4.02,3.7, 18, 0
0.02,3.76,3.7, 71, 0
0.02,4.1,3.7, 469, 0
0.02,4.06,3.7, 54, 0
0.02,3.84,3.7, 518, 0
0.02,3.76,3.7, 942, 0
0.02,3.86,3.7, 245, 0
0.02,3.96,3.7, 222, 0
0.02,3.7,3.7, 45, 0
0.02,3.94,3.7, 107, 0
0.02,3.62,3.7, 58, 0
0.02,3.5,3.7, 12, 0
0.02,4.12,3.7, 209, 0
0.02,3.88,3.7, 84, 0
0.02,3.66,3.7, 16, 0
0.02,3.92,3.7, 271, 0
0.02,3.76,3.7, 1367, 0
0.02,4.1,3.7, 164, 0
0.02,3.98,3.7, 131, 0
0.02,4.3,3.7, 3948, 100
0.02,3.84,3.7, 893, 0
0.02,3.86,3.7, 22, 0
0.02,4.04,3.7, 472, 0
0.02,3.9,3.7, 963, 0
0.02,4.14,3.7, 23686, 100
0.02,3.5,3.7, 531, 0
0.02,3.8,3.7, 20, 0
0.02,3.66,3.7, 81, 0
0.02,3.72,3.7, 180, 0
0.02,3.52,3.7, 457, 0
0.02,4.44,3.7, 201, 0
0.02,3.72,3.7, 131, 0
0.02,4.06,3.7, 37, 0
0.02,3.72,3.7, 779, 0
0.02,3.78,3.7, 23, 0
0.02,3.9,3.7, 63, 0
0.02,3.9,3.7, 38, 0
0.02,3.98,3.7, 991, 0
0.02,3.8,3.7, 1, 0
0.02,3.88,3.7, 453, 0
0.02,3.82,3.7, 19, 0
0.02,3.72,3.7, 41, 0
0.02,3.74,3.7, 43, 0
0.02,3.7,3.7, 198, 0
0.02,4.0,3.7, 95, 0
0.02,3.94,3.7, 838, 0
0.02,3.86,3.7, 549, 0
0.02,3.72,3.7, 64, 0
0.02,3.48,3.7, 16, 0
0.02,3.92,3.7, 393, 0
0.02,3.96,3.7, 25, 0
0.02,3.84,3.7, 214, 0
0.02,4.0,3.7, 751, 0
0.02,3.66,3.7, 95, 0
0.02,3.64,3.7, 21, 0
0.02,3.64,3.7, 117, 0
0.02,3.8,3.7, 75, 0
0.02,4.06,3.7, 5, 0
0.02,3.5,3.7, 36, 0
0.02,3.74,3.7, 16, 0
0.02,4.22,3.7, 433, 0
0.02,4.18,3.7, 34, 0
0.02,4.16,3.7, 10, 0
0.02,3.94,3.7, 181, 0
0.02,3.86,3.7, 179, 0
0.02,3.92,3.7, 270, 0
0.02,3.54,3.7, 540, 0
0.02,3.88,3.7, 199, 0
0.02,3.9,3.7, 4, 0
0.02,4.18,3.7, 2, 0
0.02,4.16,3.7, 197, 0
0.02,4.1,3.7, 473, 0
0.02,3.72,3.7, 36, 0
0.02,3.76,3.7, 49, 0
0.02,4.22,3.7, 292, 0
0.02,3.74,3.7, 527, 0
0.02,3.94,3.7, 302, 0
0.02,4.14,3.7, 420, 0
0.02,3.76,3.7, 170, 0
0.02,3.8,3.7, 468, 0
0.02,3.92,3.7, 1, 0
0.02,3.84,3.7, 1022, 0
0.02,3.64,3.7, 11012, 100
0.02,3.96,3.7, 5, 0
0.02,3.66,3.7, 89, 0
0.02,4.16,3.7, 40, 0
0.02,3.76,3.7, 82, 0
0.02,3.82,3.7, 163, 0
0.02,4.06,3.7, 9, 0
0.02,4.06,3.7, 6, 0
0.02,3.96,3.7, 194, 0
0.02,3.92,3.7, 93, 0
0.02,3.24,3.7, 53, 0
0.02,3.62,3.7, 5, 0
0.02,3.52,3.7, 4432, 0
0.02,3.84,3.7, 357, 0
0.02,4.18,3.7, 907, 0
0.02,3.88,3.7, 1489, 0
0.02,4.2,3.7, 132, 0
0.02,3.8,3.7, 5, 0
0.02,3.94,3.7, 774, 0
0.02,3.84,3.7, 46, 0
0.02,3.78,3.7, 37, 0
0.02,3.86,3.7, 178, 0
0.02,3.96,3.7, 231, 0
0.02,4.06,3.7, 33, 0
0.02,3.88,3.7, 481, 0
0.02,4.08,3.7, 75, 0
0.02,3.96,3.7, 437, 0
0.02,4.38,3.7, 207, 0
0.02,3.7,3.7, 2485, 0
0.02,3.94,3.7, 55, 0
0.02,3.74,3.7, 224, 0
0.02,3.94,3.7, 8232, 100
0.02,3.84,3.7, 545, 0
0.02,3.96,3.7, 22, 0
0.02,3.66,3.7, 11, 0
0.02,4.08,3.7, 12, 0
0.02,4.3,3.7, 428, 0
0.02,4.2,3.7, 22, 0
0.02,3.8,3.7, 48, 0
0.02,3.84,3.7, 19, 0
0.02,3.68,3.7, 6, 0
0.02,3.86,3.7, 302, 0
0.02,3.6,3.7, 77, 0
0.02,4.0,3.7, 91, 0
0.02,3.66,3.7, 17421, 100
0.02,3.86,3.7, 102, 0
0.02,3.7,3.7, 6, 0
0.02,3.68,3.7, 25, 0
0.02,3.88,3.7, 86, 0
0.02,4.14,3.7, 8275, 100
0.02,3.92,3.7, 9, 0
0.02,3.74,3.7, 18, 0
0.02,3.54,3.7, 154, 0
0.02,3.84,3.7, 298, 0
0.02,3.96,3.7, 73, 0
0.02,4.12,3.7, 174, 0
0.02,4.28,3.7, 1887, 0
0.02,4.12,3.7, 55, 0
0.02,4.04,3.7, 11, 0
0.02,3.74,3.7, 6, 0
0.02,3.5,3.7, 251, 0
0.02,3.74,3.7, 76, 0
0.02,3.8,3.7, 36, 0
0.02,4.08,3.7, 64, 0
0.02,3.54,3.7, 31, 0
0.02,4.02,3.7, 29, 0
0.02,4.18,3.7, 78, 0
0.02,3.94,3.7, 48, 0
0.02,4.4,3.7, 2540, 0
0.02,3.9,3.7, 46, 0
0.02,3.82,3.7, 111, 0
0.02,4.14,3.7, 14287, 0
0.02,3.62,3.7, 110, 0
0.02,3.86,3.7, 71, 0
0.02,3.76,3.7, 5, 0
0.02,3.92,3.7, 108, 0
0.02,3.88,3.7, 158, 0
0.02,3.74,3.7, 3, 0
0.02,4.04,3.7, 136, 0
0.02,4.08,3.7, 428, 0
0.02,3.9,3.7, 36, 0
0.02,3.98,3.7, 12, 0
0.02,4.02,3.7, 323, 0
0.02,3.82,3.7, 287, 0
0.02,3.8,3.7, 63, 0
0.02,3.72,3.7, 83, 0
0.02,3.92,3.7, 74, 0
0.02,4.3,3.7, 5, 0
0.02,3.98,3.7, 365, 0
0.02,3.96,3.7, 420, 0
0.02,3.76,3.7, 28, 0
0.02,3.78,3.7, 30, 0
0.02,3.76,3.7, 25, 0
0.02,3.88,3.7, 96, 0
0.02,3.8,3.7, 5347, 0
0.02,3.8,3.7, 15, 0
0.02,3.86,3.7, 244, 0
0.02,3.96,3.7, 24, 0
0.02,4.06,3.7, 172, 0
0.02,3.54,3.7, 75, 0
0.02,4.06,3.7, 48, 0
0.02,4.18,3.7, 319, 0
0.02,3.54,3.7, 29, 0
0.02,4.14,3.7, 162, 0
0.02,3.86,3.7, 46, 0
0.02,3.88,3.7, 392, 0
0.02,3.86,3.7, 59, 0
0.02,3.96,3.7, 1034, 0
0.02,4.34,3.7, 265, 0
0.02,4.0,3.7, 135, 0
0.02,3.96,3.7, 29, 0
0.02,4.1,3.7, 599, 0
0.02,4.26,3.7, 111, 0
0.02,3.76,3.7, 128, 0
0.02,3.86,3.7, 1, 0
0.02,3.8,3.7, 22, 0
0.02,4.02,3.7, 46, 0
0.02,3.84,3.7, 116, 0
0.02,3.66,3.7, 50, 0
0.02,4.04,3.7, 14, 0
0.02,3.96,3.7, 5, 0
0.02,4.28,3.7, 146, 0
0.02,4.24,3.7, 266, 0
0.02,4.3,3.7, 500, 0
0.02,3.44,3.7, 881, 0
0.02,3.58,3.7, 320, 0
0.02,4.08,3.7, 197, 0
0.02,3.62,3.7, 580, 0
0.02,3.8,3.7, 27, 0
0.02,4.08,3.7, 54, 0
0.02,3.92,3.7, 2720, 0
0.02,3.92,3.7, 26, 0
0.02,3.5,3.7, 140, 0
0.02,4.06,3.7, 12, 0
0.02,4.14,3.7, 32, 0
0.02,4.1,3.7, 64, 0
0.02,3.72,3.7, 5, 0
0.02,3.88,3.7, 43, 0
0.02,3.92,3.7, 7, 0
0.02,3.92,3.7, 191, 0
0.02,4.12,3.7, 38, 0
0.02,3.9,3.7, 5588, 100
0.02,3.7,3.7, 622, 0
0.02,3.86,3.7, 641, 0
0.02,3.82,3.7, 35, 0
0.02,4.22,3.7, 38, 0
0.02,4.18,3.7, 437, 0
0.02,4.0,3.7, 108, 0
0.02,4.02,3.7, 366, 0
0.02,3.84,3.7, 1023, 0
0.02,3.92,3.7, 6695, 0
0.02,4.02,3.7, 340, 0
0.02,3.54,3.7, 187, 0
0.02,3.66,3.7, 760, 0
0.02,3.9,3.7, 369, 0
0.02,4.02,3.7, 7474, 0
0.02,3.96,3.7, 184, 0
0.02,3.72,3.7, 680, 0
0.02,3.82,3.7, 4343, 0
0.02,4.16,3.7, 68, 0
0.02,3.8,3.7, 52, 0
0.02,4.28,3.7, 274, 0
0.02,3.94,3.7, 85, 0
0.02,3.74,3.7, 4487, 100
0.02,4.22,3.7, 160, 0
0.02,3.8,3.7, 10079, 100
0.02,3.68,3.7, 6, 0
0.02,3.9,3.7, 1234, 0
0.02,3.96,3.7, 1142, 0
0.02,3.9,3.7, 1198, 0
0.02,4.18,3.7, 481, 0
0.02,3.84,3.7, 171, 0
0.02,4.0,3.7, 204, 0
0.02,4.0,3.7, 1795, 0
0.02,3.92,3.7, 18, 0
0.02,4.14,3.7, 88, 0
0.02,3.82,3.7, 1, 0
0.02,4.2,3.7, 34, 0
0.02,3.74,3.7, 926, 0
0.02,3.48,3.7, 107, 0
0.02,4.08,3.7, 500, 0
0.02,4.02,3.7, 473, 0
0.02,4.36,3.7, 511, 0
0.02,4.22,3.7, 468, 0
0.02,4.12,3.7, 31, 0
0.02,4.1,3.7, 18, 0
0.02,3.58,3.7, 210, 0
0.02,3.66,3.7, 212, 0
0.02,4.3,3.7, 979, 0
0.02,3.92,3.7, 4588, 100
0.02,3.76,3.7, 47, 0
0.02,3.86,3.7, 60, 0
0.02,3.64,3.7, 19, 0
0.02,4.04,3.7, 456, 0
0.02,3.96,3.7, 425, 0
0.02,3.8,3.7, 203, 0
0.02,4.4,3.7, 2859, 0
0.02,3.66,3.7, 195, 0
0.02,3.9,3.7, 161, 0
0.02,3.8,3.7, 1, 0
0.02,4.08,3.7, 13954, 100
0.02,3.82,3.7, 376, 0
0.02,3.7,3.7, 7, 0
0.02,3.82,3.7, 7, 0
0.02,3.78,3.7, 45, 0
0.02,3.76,3.7, 637, 0
0.02,4.02,3.7, 6202, 100
0.02,3.84,3.7, 9, 0
0.02,4.34,3.7, 179, 0
0.02,3.76,3.7, 11, 0
0.02,4.06,3.7, 74, 0
0.02,3.8,3.7, 1202, 0
0.02,3.58,3.7, 1139, 0
0.02,4.02,3.7, 25, 0
0.02,4.12,3.7, 165, 0
0.02,4.0,3.7, 271, 0
0.02,3.6,3.7, 19, 0
0.02,3.7,3.7, 363, 0
0.02,3.82,3.7, 213, 0
0.02,3.78,3.7, 98, 0
0.02,4.36,3.7, 55, 0
0.02,4.1,3.7, 130, 0
0.02,4.02,3.7, 48, 0
0.02,4.04,3.7, 163, 0
0.02,3.76,3.7, 331, 0
0.02,3.8,3.7, 1025, 0
0.02,3.96,3.7, 12573, 0
0.02,3.88,3.7, 12972, 100
0.02,4.16,3.7, 205, 0
0.02,4.16,3.7, 362, 0
0.02,3.74,3.7, 24, 0
0.02,3.68,3.7, 142, 0
0.02,3.84,3.7, 15, 0
0.02,3.68,3.7, 247, 0
0.02,3.88,3.7, 1872, 0
0.02,4.08,3.7, 223, 0
0.02,3.88,3.7, 20, 0
0.02,3.78,3.7, 44, 0
0.02,3.98,3.7, 106, 0
0.02,4.04,3.7, 298, 0
0.02,3.92,3.7, 628, 0
0.02,3.98,3.7, 3606, 0
0.02,4.1,3.7, 128, 0
0.02,3.64,3.7, 1072, 0
0.02,4.1,3.7, 21, 0
0.02,3.86,3.7, 18479, 100
0.02,3.76,3.7, 61, 0
0.02,3.96,3.7, 16828, 100
0.02,4.0,3.7, 51, 0
0.02,3.88,3.7, 46, 0
0.02,3.82,3.7, 28, 0
0.02,4.0,3.7, 9, 0
0.02,3.74,3.7, 50, 0
0.02,4.04,3.7, 84, 0
0.02,4.04,3.7, 46, 0
0.02,3.88,3.7, 27, 0
0.02,3.86,3.7, 624, 0
0.02,3.88,3.7, 132, 0
0.02,4.32,3.7, 1268, 0
0.02,3.88,3.7, 28, 0
0.02,3.6,3.7, 15, 0
0.02,3.64,3.7, 26, 0
0.02,3.86,3.7, 6, 0
0.02,3.78,3.7, 260, 0
0.02,3.32,3.7, 203, 0
0.02,4.0,3.7, 36, 0
0.02,3.94,3.7, 8, 0
0.02,3.86,3.7, 139, 0
0.02,4.1,3.7, 82, 0
0.02,4.18,3.7, 1174, 0
0.02,3.88,3.7, 8, 0
0.02,4.0,3.7, 447, 0
0.02,4.08,3.7, 18, 0
0.02,4.16,3.7, 33, 0
0.02,3.82,3.7, 232, 0
0.02,4.0,3.7, 31, 0
0.02,3.82,3.7, 807, 0
0.02,4.12,3.7, 107, 0
0.02,4.32,3.7, 148, 0
0.02,3.7,3.7, 48, 0
0.02,3.92,3.7, 95, 0
0.02,4.2,3.7, 117, 0
0.02,3.88,3.7, 9, 0
0.02,4.2,3.7, 162, 0
0.02,4.12,3.7, 630, 0
0.02,4.18,3.7, 3, 0
0.02,3.92,3.7, 33, 0
0.02,4.16,3.7, 112, 0
0.02,4.08,3.7, 4168, 0
0.02,3.88,3.7, 2, 0
0.02,3.76,3.7, 19, 0
0.02,3.98,3.7, 541, 0
0.02,4.1,3.7, 234, 0
0.02,4.18,3.7, 141, 0
0.02,3.62,3.7, 21, 0
0.02,3.9,3.7, 97, 0
0.02,3.78,3.7, 19565, 100
0.02,3.56,3.7, 135, 0
0.02,3.96,3.7, 405, 0
0.02,3.7,3.7, 87, 0
0.02,4.06,3.7, 61, 0
0.02,3.6,3.7, 374, 0
0.02,4.24,3.7, 12, 0
0.02,4.4,3.7, 46, 0
0.02,3.7,3.7, 663, 0
0.02,4.1,3.7, 276, 0
0.02,3.8,3.7, 16, 0
0.02,4.04,3.7, 669, 0
0.02,4.12,3.7, 358, 0
0.02,4.4,3.7, 48, 0
0.02,3.78,3.7, 95, 0
0.02,3.56,3.7, 239, 0
0.02,3.8,3.7, 4, 0
0.02,4.14,3.7, 183, 0
0.02,3.92,3.7, 61, 0
0.02,3.98,3.7, 1478, 0
0.02,3.8,3.7, 40, 0
0.02,3.82,3.7, 219, 0
0.02,3.78,3.7, 41, 0
0.02,4.0,3.7, 72, 0
0.02,3.88,3.7, 116, 0
0.02,3.7,3.7, 306, 0
0.02,3.98,3.7, 79, 0
0.02,3.96,3.7, 108, 0
0.02,3.84,3.7, 91, 0
0.02,3.72,3.7, 263, 0
0.02,3.6,3.7, 26, 0
0.02,3.94,3.7, 1957, 0
0.02,4.06,3.7, 104, 0
0.02,3.78,3.7, 12, 0
0.02,3.72,3.7, 66, 0
0.02,3.88,3.7, 48, 0
0.02,3.84,3.7, 48, 0
0.02,3.92,3.7, 595, 0
0.02,3.8,3.7, 4, 0
0.02,4.38,3.7, 155, 0
0.02,3.88,3.7, 10, 0
0.02,4.42,3.7, 147, 0
0.02,4.08,3.7, 10, 0
0.02,4.32,3.7, 255, 0
0.02,3.98,3.7, 35, 0
0.02,4.06,3.7, 108, 0
0.02,3.74,3.7, 69, 0
0.02,3.74,3.7, 598, 0
0.02,3.94,3.7, 16, 0
0.02,4.04,3.7, 26, 0
0.02,4.1,3.7, 597, 0
0.02,3.76,3.7, 47, 0
0.02,3.88,3.7, 2866, 0
0.02,3.58,3.7, 20878, 100
0.02,3.88,3.7, 69, 0
0.02,4.02,3.7, 21, 0
0.02,3.76,3.7, 1022, 0
0.02,3.82,3.7, 33, 0
0.02,3.54,3.7, 87, 0
0.02,3.98,3.7, 779, 0
0.02,3.74,3.7, 10, 0
0.02,3.9,3.7, 30, 0
0.02,4.22,3.7, 402, 0
0.02,3.8,3.7, 1, 0
