p, k, b/c, n, result
0.02,4.1,4.2, 66, 0
0.02,3.76,4.2, 468, 0
0.02,3.94,4.2, 90, 0
0.02,3.82,4.2, 4, 0
0.02,4.02,4.2, 739, 0
0.02,3.82,4.2, 320, 0
0.02,4.34,4.2, 48, 0
0.02,3.88,4.2, 226, 0
0.02,4.12,4.2, 1954, 0
0.02,3.8,4.2, 2374, 0
0.02,3.8,4.2, 1064, 0
0.02,3.76,4.2, 12, 0
0.02,4.06,4.2, 34, 0
0.02,4.18,4.2, 36, 0
0.02,4.32,4.2, 1040, 0
0.02,4.22,4.2, 17, 0
0.02,3.74,4.2, 563, 0
0.02,4.0,4.2, 15, 0
0.02,3.8,4.2, 11, 0
0.02,3.82,4.2, 8, 0
0.02,3.9,4.2, 2749, 0
0.02,3.76,4.2, 24, 0
0.02,4.36,4.2, 2, 0
0.02,3.72,4.2, 2012, 0
0.02,3.7,4.2, 32, 0
0.02,3.88,4.2, 80, 0
0.02,3.86,4.2, 22, 0
0.02,4.24,4.2, 233, 0
0.02,3.88,4.2, 406, 0
0.02,3.96,4.2, 82, 0
0.02,3.96,4.2, 71, 0
0.02,3.44,4.2, 159, 0
0.02,3.86,4.2, 373, 0
0.02,3.8,4.2, 48, 0
0.02,4.12,4.2, 333, 0
0.02,3.8,4.2, 36, 0
0.02,3.84,4.2, 13, 0
0.02,3.96,4.2, 178, 0
0.02,4.14,4.2, 3, 0
0.02,4.12,4.2, 39, 0
0.02,4.02,4.2, 116, 0
0.02,4.2,4.2, 18, 0
0.02,3.92,4.2, 194, 0
0.02,3.94,4.2, 22, 0
0.02,3.82,4.2, 40, 0
0.02,3.96,4.2, 27, 0
0.02,3.56,4.2, 46, 0
0.02,4.14,4.2, 10, 0
0.02,3.74,4.2, 104, 0
0.02,3.86,4.2, 228, 0
0.02,4.38,4.2, 1284, 0
0.02,4.04,4.2, 3, 0
0.02,4.2,4.2, 22, 0
0.02,3.58,4.2, 215, 0
0.02,4.28,4.2, 148, 0
0.02,4.18,4.2, 17, 0
0.02,3.86,4.2, 119, 0
0.02,3.56,4.2, 3, 0
0.02,3.92,4.2, 44, 0
0.02,4.08,4.2, 106, 0
0.02,3.82,4.2, 513, 0
0.02,3.72,4.2, 50, 0
0.02,3.72,4.2, 314, 0
0.02,3.7,4.2, 23, 0
0.02,3.86,4.2, 65, 0
0.02,3.78,4.2, 512, 0
0.02,3.82,4.2, 744, 0
0.02,3.88,4.2, 120, 0
0.02,3.52,4.2, 852, 0
0.02,3.84,4.2, 44, 0
0.02,4.12,4.2, 88, 0
0.02,4.16,4.2, 72, 0
0.02,4.06,4.2, 267, 0
0.02,3.76,4.2, 6, 0
0.02,3.9,4.2, 160, 0
0.02,3.76,4.2, 74, 0
0.02,3.72,4.2, 35, 0
0.02,3.82,4.2, 836, 0
0.02,3.84,4.2, 1667, 0
0.02,3.76,4.2, 581, 0
0.02,3.68,4.2, 97, 0
0.02,3.72,4.2, 79, 0
0.02,3.94,4.2, 1143, 0
0.02,3.88,4.2, 5907, 100
0.02,4.22,4.2, 72, 0
0.02,3.78,4.2, 51, 0
0.02,3.94,4.2, 2, 0
0.02,4.24,4.2, 108, 0
0.02,3.84,4.2, 42, 0
0.02,3.72,4.2, 54, 0
0.02,3.74,4.2, 31, 0
0.02,3.76,4.2, 44, 0
0.02,3.76,4.2, 19, 0
0.02,3.9,4.2, 1702, 0
0.02,4.4,4.2, 64, 0
0.02,3.6,4.2, 463, 0
0.02,3.74,4.2, 121, 0
0.02,3.88,4.2, 106, 0
0.02,4.16,4.2, 131, 0
0.02,3.76,4.2, 1351, 0
0.02,3.74,4.2, 171, 0
0.02,3.98,4.2, 34, 0
0.02,4.04,4.2, 93, 0
0.02,4.22,4.2, 24, 0
0.02,4.2,4.2, 12, 0
0.02,4.08,4.2, 395, 0
0.02,3.9,4.2, 53, 0
0.02,3.84,4.2, 231, 0
0.02,3.5,4.2, 8, 0
0.02,4.2,4.2, 25140, 100
0.02,4.12,4.2, 366, 0
0.02,3.9,4.2, 2, 0
0.02,3.8,4.2, 544, 0
0.02,3.64,4.2, 6834, 100
0.02,4.04,4.2, 178, 0
0.02,3.74,4.2, 82, 0
0.02,3.9,4.2, 173, 0
0.02,3.52,4.2, 228, 0
0.02,3.92,4.2, 492, 0
0.02,4.18,4.2, 91, 0
0.02,4.04,4.2, 74, 0
0.02,3.92,4.2, 62, 0
0.02,4.2,4.2, 187, 0
0.02,3.72,4.2, 6107, 100
0.02,4.06,4.2, 208, 0
0.02,3.84,4.2, 163, 0
0.02,3.84,4.2, 14, 0
0.02,4.12,4.2, 215, 0
0.02,3.92,4.2, 156, 0
0.02,4.16,4.2, 8, 0
0.02,4.14,4.2, 71, 0
0.02,3.76,4.2, 101, 0
0.02,4.04,4.2, 110, 0
0.02,4.08,4.2, 178, 0
0.02,3.9,4.2, 237, 0
0.02,3.94,4.2, 409, 0
0.02,3.78,4.2, 758, 0
0.02,3.78,4.2, 179, 0
0.02,3.8,4.2, 62, 0
0.02,4.16,4.2, 35, 0
0.02,4.32,4.2, 428, 0
0.02,3.68,4.2, 606, 0
0.02,3.6,4.2, 648, 0
0.02,3.76,4.2, 478, 0
0.02,3.72,4.2, 581, 0
0.02,3.8,4.2, 54, 0
0.02,4.08,4.2, 590, 0
0.02,3.96,4.2, 285, 0
0.02,4.3,4.2, 71, 0
0.02,4.16,4.2, 122, 0
0.02,3.96,4.2, 17017, 100
0.02,3.92,4.2, 7542, 100
0.02,3.6,4.2, 13, 0
0.02,4.28,4.2, 757, 0
0.02,3.92,4.2, 130, 0
0.02,4.12,4.2, 1, 0
0.02,3.82,4.2, 9, 0
0.02,4.28,4.2, 15, 0
0.02,4.1,4.2, 330, 0
0.02,4.14,4.2, 27, 0
0.02,3.62,4.2, 25, 0
0.02,3.92,4.2, 22, 0
0.02,3.76,4.2, 146, 0
0.02,3.86,4.2, 9, 0
0.02,3.94,4.2, 502, 0
0.02,4.26,4.2, 496, 0
0.02,3.76,4.2, 315, 0
0.02,4.12,4.2, 50, 0
0.02,3.9,4.2, 170, 0
0.02,3.74,4.2, 2868, 0
0.02,3.82,4.2, 1634, 0
0.02,4.1,4.2, 376, 0
0.02,4.04,4.2, 17, 0
0.02,4.12,4.2, 59, 0
0.02,4.16,4.2, 88, 0
0.02,3.86,4.2, 110, 0
0.02,4.1,4.2, 3980, 0
0.02,4.02,4.2, 16, 0
0.02,4.2,4.2, 48, 0
0.02,3.84,4.2, 929, 0
0.02,3.9,4.2, 195, 0
0.02,3.42,4.2, 22, 0
0.02,3.68,4.2, 8, 0
0.02,4.34,4.2, 41, 0
0.02,3.96,4.2, 74, 0
0.02,3.82,4.2, 8, 0
0.02,3.88,4.2, 146, 0
0.02,3.74,4.2, 317, 0
0.02,4.16,4.2, 26, 0
0.02,4.5,4.2, 11144, 100
0.02,4.3,4.2, 24, 0
0.02,4.04,4.2, 1256, 0
0.02,3.86,4.2, 87, 0
0.02,3.9,4.2, 26, 0
0.02,3.78,4.2, 981, 0
0.02,4.04,4.2, 4, 0
0.02,4.16,4.2, 8204, 100
0.02,3.98,4.2, 194, 0
0.02,4.12,4.2, 273, 0
0.02,3.9,4.2, 1233, 0
0.02,3.78,4.2, 373, 0
0.02,3.66,4.2, 1, 0
0.02,3.38,4.2, 765, 0
0.02,4.16,4.2, 1041, 0
0.02,4.02,4.2, 112, 0
0.02,4.4,4.2, 43, 0
0.02,3.8,4.2, 23, 0
0.02,3.7,4.2, 1217, 0
0.02,3.88,4.2, 27, 0
0.02,3.82,4.2, 16, 0
0.02,3.84,4.2, 5777, 100
0.02,3.78,4.2, 35, 0
0.02,4.14,4.2, 158, 0
0.02,3.66,4.2, 147, 0
0.02,4.2,4.2, 1242, 0
0.02,3.98,4.2, 423, 0
0.02,4.0,4.2, 32, 0
0.02,3.94,4.2, 144, 0
0.02,4.2,4.2, 306, 0
0.02,4.24,4.2, 5752, 0
0.02,4.04,4.2, 107, 0
0.02,3.74,4.2, 22, 0
0.02,4.16,4.2, 111, 0
0.02,4.16,4.2, 5674, 100
0.02,4.22,4.2, 178, 0
0.02,3.76,4.2, 44, 0
0.02,3.56,4.2, 172, 0
0.02,3.88,4.2, 123, 0
0.02,4.18,4.2, 763, 0
0.02,3.84,4.2, 29, 0
0.02,3.92,4.2, 118, 0
0.02,4.12,4.2, 1146, 0
0.02,4.1,4.2, 47, 0
0.02,3.44,4.2, 5, 0
0.02,3.8,4.2, 117, 0
0.02,3.88,4.2, 51, 0
0.02,3.96,4.2, 44, 0
0.02,4.06,4.2, 373, 0
0.02,3.94,4.2, 111, 0
0.02,4.04,4.2, 172, 0
0.02,4.12,4.2, 2739, 0
0.02,4.04,4.2, 936, 0
0.02,4.06,4.2, 965, 0
0.02,3.98,4.2, 25, 0
0.02,3.94,4.2, 25, 0
0.02,3.82,4.2, 2, 0
0.02,4.3,4.2, 149, 0
0.02,4.02,4.2, 389, 0
0.02,3.82,4.2, 136, 0
0.02,3.9,4.2, 29, 0
0.02,4.06,4.2, 134, 0
0.02,3.82,4.2, 6, 0
0.02,3.98,4.2, 119, 0
0.02,3.84,4.2, 8, 0
0.02,4.06,4.2, 62, 0
0.02,4.16,4.2, 25, 0
0.02,4.0,4.2, 14452, 0
0.02,4.02,4.2, 29, 0
0.02,4.0,4.2, 61, 0
0.02,4.02,4.2, 569, 0
0.02,4.0,4.2, 18, 0
0.02,4.14,4.2, 77, 0
0.02,3.84,4.2, 41, 0
0.02,3.84,4.2, 50, 0
0.02,3.96,4.2, 4819, 100
0.02,4.18,4.2, 237, 0
0.02,3.78,4.2, 48, 0
0.02,4.22,4.2, 514, 0
0.02,3.7,4.2, 95, 0
0.02,3.76,4.2, 8677, 0
0.02,3.94,4.2, 38, 0
0.02,3.78,4.2, 58, 0
0.02,3.94,4.2, 229, 0
0.02,4.32,4.2, 27, 0
0.02,4.42,4.2, 4341, 100
0.02,4.16,4.2, 10185, 100
0.02,3.7,4.2, 2121, 0
0.02,4.06,4.2, 29, 0
0.02,3.78,4.2, 20, 0
0.02,3.58,4.2, 335, 0
0.02,4.1,4.2, 5, 0
0.02,4.04,4.2, 54, 0
0.02,3.78,4.2, 43, 0
0.02,4.22,4.2, 26, 0
0.02,4.46,4.2, 1977, 0
0.02,4.04,4.2, 172, 0
0.02,3.6,4.2, 326, 0
0.02,4.18,4.2, 352, 0
0.02,3.9,4.2, 33, 0
0.02,3.96,4.2, 58, 0
0.02,3.84,4.2, 366, 0
0.02,3.9,4.2, 2, 0
0.02,3.96,4.2, 373, 0
0.02,3.94,4.2, 646, 0
0.02,3.84,4.2, 2, 0
0.02,3.86,4.2, 185, 0
0.02,3.94,4.2, 12437, 100
0.02,3.48,4.2, 119, 0
0.02,3.9,4.2, 37, 0
0.02,4.14,4.2, 46, 0
0.02,4.14,4.2, 873, 0
0.02,3.82,4.2, 1043, 0
0.02,3.72,4.2, 37, 0
0.02,4.58,4.2, 87, 0
0.02,3.76,4.2, 26, 0
0.02,4.14,4.2, 3076, 0
0.02,3.84,4.2, 71, 0
0.02,3.9,4.2, 48, 0
0.02,3.66,4.2, 238, 0
0.02,3.7,4.2, 8880, 0
0.02,3.96,4.2, 146, 0
0.02,3.7,4.2, 155, 0
0.02,3.62,4.2, 210, 0
0.02,3.76,4.2, 22, 0
0.02,3.64,4.2, 95, 0
0.02,3.94,4.2, 491, 0
0.02,4.22,4.2, 299, 0
0.02,3.92,4.2, 67, 0
0.02,3.54,4.2, 5, 0
0.02,4.04,4.2, 389, 0
0.02,3.9,4.2, 61, 0
0.02,4.18,4.2, 139, 0
0.02,3.88,4.2, 373, 0
0.02,3.88,4.2, 518, 0
0.02,3.96,4.2, 3486, 0
0.02,3.9,4.2, 63, 0
0.02,4.08,4.2, 72, 0
0.02,4.04,4.2, 376, 0
0.02,4.14,4.2, 75, 0
0.02,3.7,4.2, 2011, 0
0.02,4.2,4.2, 54, 0
0.02,4.02,4.2, 44, 0
0.02,3.92,4.2, 72, 0
0.02,3.96,4.2, 51, 0
0.02,3.88,4.2, 74, 0
0.02,3.86,4.2, 17, 0
0.02,3.78,4.2, 4844, 0
0.02,3.72,4.2, 990, 0
0.02,4.32,4.2, 336, 0
0.02,4.14,4.2, 51, 0
0.02,3.9,4.2, 81, 0
0.02,3.96,4.2, 372, 0
0.02,4.3,4.2, 116, 0
0.02,3.78,4.2, 835, 0
0.02,3.88,4.2, 146, 0
0.02,3.68,4.2, 28, 0
0.02,3.8,4.2, 566, 0
0.02,3.96,4.2, 350, 0
0.02,4.08,4.2, 255, 0
0.02,3.74,4.2, 5391, 0
0.02,3.64,4.2, 1159, 0
0.02,4.0,4.2, 33, 0
0.02,3.72,4.2, 109, 0
0.02,3.64,4.2, 164, 0
0.02,3.78,4.2, 28, 0
0.02,3.92,4.2, 50, 0
0.02,3.78,4.2, 653, 0
0.02,3.72,4.2, 1, 0
0.02,4.0,4.2, 901, 0
0.02,4.28,4.2, 22, 0
0.02,3.68,4.2, 733, 0
0.02,3.88,4.2, 275, 0
0.02,4.22,4.2, 72, 0
0.02,3.7,4.2, 542, 0
0.02,3.6,4.2, 9972, 100
0.02,3.96,4.2, 1633, 0
0.02,4.18,4.2, 107, 0
0.02,3.8,4.2, 43, 0
0.02,3.64,4.2, 213, 0
0.02,3.8,4.2, 15, 0
0.02,4.02,4.2, 370, 0
0.02,3.98,4.2, 64, 0
0.02,4.34,4.2, 798, 0
0.02,4.16,4.2, 222, 0
0.02,3.54,4.2, 11021, 100
0.02,3.96,4.2, 18, 0
0.02,3.8,4.2, 710, 0
0.02,3.98,4.2, 13, 0
0.02,3.86,4.2, 18, 0
0.02,4.32,4.2, 3507, 0
0.02,3.6,4.2, 20, 0
0.02,4.08,4.2, 47, 0
0.02,3.78,4.2, 62, 0
0.02,3.68,4.2, 86, 0
0.02,3.54,4.2, 87, 0
0.02,3.72,4.2, 97, 0
0.02,3.98,4.2, 81, 0
0.02,4.14,4.2, 31, 0
0.02,3.82,4.2, 177, 0
0.02,3.84,4.2, 127, 0
0.02,4.02,4.2, 444, 0
0.02,3.6,4.2, 8, 0
0.02,3.78,4.2, 1293, 0
0.02,3.42,4.2, 121, 0
0.02,3.9,4.2, 32, 0
0.02,3.86,4.2, 26, 0
0.02,3.82,4.2, 390, 0
0.02,3.9,4.2, 7, 0
0.02,3.96,4.2, 14, 0
0.02,3.72,4.2, 10980, 0
0.02,3.66,4.2, 107, 0
0.02,3.68,4.2, 2709, 0
0.02,3.68,4.2, 3966, 0
0.02,4.04,4.2, 80, 0
0.02,4.04,4.2, 56, 0
0.02,4.08,4.2, 320, 0
0.02,3.82,4.2, 263, 0
0.02,4.26,4.2, 62, 0
0.02,3.98,4.2, 458, 0
0.02,3.92,4.2, 175, 0
0.02,4.12,4.2, 16, 0
0.02,3.8,4.2, 103, 0
0.02,3.76,4.2, 494, 0
0.02,3.86,4.2, 96, 0
0.02,3.8,4.2, 38, 0
0.02,3.92,4.2, 50, 0
0.02,3.68,4.2, 111, 0
0.02,3.76,4.2, 29, 0
0.02,3.4,4.2, 103, 0
0.02,3.94,4.2, 1428, 0
0.02,3.6,4.2, 39, 0
0.02,4.16,4.2, 73, 0
0.02,4.16,4.2, 61, 0
0.02,3.9,4.2, 105, 0
0.02,3.86,4.2, 41, 0
0.02,4.22,4.2, 25, 0
0.02,3.82,4.2, 27, 0
0.02,4.02,4.2, 14, 0
0.02,3.96,4.2, 840, 0
0.02,4.0,4.2, 11, 0
0.02,3.72,4.2, 397, 0
0.02,4.1,4.2, 52, 0
0.02,3.82,4.2, 99, 0
0.02,3.62,4.2, 187, 0
0.02,3.98,4.2, 511, 0
0.02,4.04,4.2, 150, 0
0.02,3.62,4.2, 130, 0
0.02,4.18,4.2, 46, 0
0.02,4.14,4.2, 20537, 100
0.02,3.9,4.2, 104, 0
0.02,4.08,4.2, 115, 0
0.02,3.48,4.2, 210, 0
0.02,4.1,4.2, 6276, 100
0.02,4.02,4.2, 327, 0
0.02,4.02,4.2, 136, 0
0.02,3.56,4.2, 48, 0
0.02,3.62,4.2, 714, 0
0.02,3.9,4.2, 60, 0
0.02,3.64,4.2, 2117, 0
0.02,3.78,4.2, 95, 0
0.02,3.74,4.2, 294, 0
0.02,3.86,4.2, 28, 0
0.02,4.18,4.2, 297, 0
0.02,3.96,4.2, 1203, 0
0.02,3.72,4.2, 42, 0
0.02,3.96,4.2, 361, 0
0.02,3.98,4.2, 584, 0
0.02,4.1,4.2, 21941, 100
0.02,4.0,4.2, 912, 0
0.02,3.82,4.2, 134, 0
0.02,3.94,4.2, 20177, 100
0.02,4.08,4.2, 398, 0
0.02,4.26,4.2, 10, 0
0.02,3.8,4.2, 15182, 100
0.02,3.72,4.2, 167, 0
0.02,4.26,4.2, 259, 0
0.02,3.58,4.2, 11, 0
0.02,4.28,4.2, 3, 0
0.02,4.24,4.2, 284, 0
0.02,3.96,4.2, 28, 0
0.02,4.06,4.2, 108, 0
0.02,4.12,4.2, 3, 0
0.02,4.22,4.2, 751, 0
0.02,3.7,4.2, 34, 0
0.02,4.08,4.2, 114, 0
0.02,3.88,4.2, 9, 0
0.02,3.82,4.2, 726, 0
0.02,3.9,4.2, 5, 0
0.02,4.22,4.2, 117, 0
0.02,4.24,4.2, 186, 0
0.02,3.94,4.2, 12, 0
0.02,4.02,4.2, 10, 0
0.02,3.74,4.2, 29, 0
0.02,3.78,4.2, 72, 0
0.02,3.7,4.2, 148, 0
0.02,4.14,4.2, 42, 0
0.02,4.08,4.2, 90, 0
0.02,3.92,4.2, 252, 0
0.02,3.58,4.2, 6, 0
0.02,3.84,4.2, 59, 0
0.02,3.96,4.2, 775, 0
0.02,3.7,4.2, 322, 0
0.02,4.24,4.2, 28, 0
0.02,3.98,4.2, 798, 0
0.02,3.74,4.2, 41, 0
0.02,3.96,4.2, 129, 0
0.02,3.96,4.2, 557, 0
0.02,3.44,4.2, 2, 0
0.02,3.8,4.2, 371, 0
0.02,3.92,4.2, 22, 0
0.02,3.96,4.2, 340, 0
0.02,4.1,4.2, 192, 0
0.02,4.04,4.2, 2, 0
0.02,3.7,4.2, 12, 0
0.02,4.12,4.2, 48, 0
0.02,4.2,4.2, 56, 0
0.02,4.08,4.2, 2261, 0
0.02,3.7,4.2, 44, 0
0.02,4.08,4.2, 2, 0
0.02,4.3,4.2, 55, 0
0.02,3.64,4.2, 47, 0
0.02,3.86,4.2, 21, 0
0.02,4.18,4.2, 240, 0
0.02,4.1,4.2, 124, 0
0.02,4.2,4.2, 25, 0
0.02,3.88,4.2, 259, 0
0.02,4.3,4.2, 51, 0
0.02,4.16,4.2, 38, 0
0.02,4.14,4.2, 57, 0
0.02,3.68,4.2, 166, 0
0.02,3.98,4.2, 32, 0
0.02,4.18,4.2, 87, 0
0.02,3.86,4.2, 142, 0
0.02,4.06,4.2, 141, 0
0.02,4.06,4.2, 39, 0
0.02,4.0,4.2, 37, 0
0.02,3.76,4.2, 1985, 0
0.02,3.9,4.2, 46, 0
0.02,4.26,4.2, 30, 0
0.02,4.12,4.2, 238, 0
0.02,4.16,4.2, 1047, 0
0.02,4.0,4.2, 136, 0
0.02,3.94,4.2, 289, 0
0.02,4.32,4.2, 169, 0
0.02,3.68,4.2, 661, 0
0.02,4.1,4.2, 50, 0
0.02,3.86,4.2, 4299, 0
0.02,4.36,4.2, 12, 0
0.02,3.96,4.2, 349, 0
0.02,3.96,4.2, 39, 0
0.02,3.94,4.2, 1380, 0
0.02,3.98,4.2, 5, 0
0.02,4.04,4.2, 32, 0
0.02,3.44,4.2, 15, 0
0.02,3.82,4.2, 7341, 100
0.02,3.86,4.2, 2125, 0
0.02,3.84,4.2, 854, 0
0.02,3.82,4.2, 18333, 100
0.02,3.8,4.2, 1419, 0
0.02,3.92,4.2, 34, 0
0.02,3.82,4.2, 23, 0
0.02,4.18,4.2, 560, 0
0.02,3.82,4.2, 28, 0
0.02,3.74,4.2, 75, 0
0.02,3.68,4.2, 4940, 100
0.02,3.7,4.2, 51, 0
0.02,3.96,4.2, 18, 0
0.02,4.2,4.2, 59, 0
0.02,3.92,4.2, 102, 0
0.02,3.76,4.2, 14, 0
0.02,4.02,4.2, 408, 0
0.02,3.82,4.2, 129, 0
0.02,4.1,4.2, 68, 0
0.02,3.94,4.2, 342, 0
0.02,4.02,4.2, 1243, 0
0.02,4.12,4.2, 802, 0
0.02,4.04,4.2, 2, 0
0.02,3.92,4.2, 9, 0
0.02,4.04,4.2, 58, 0
0.02,3.96,4.2, 96, 0
0.02,3.8,4.2, 2, 0
0.02,3.66,4.2, 1125, 0
0.02,4.14,4.2, 23, 0
0.02,3.6,4.2, 1350, 0
0.02,4.08,4.2, 18, 0
0.02,4.0,4.2, 868, 0
0.02,3.88,4.2, 31, 0
0.02,4.04,4.2, 144, 0
0.02,3.84,4.2, 16, 0
0.02,4.14,4.2, 239, 0
0.02,3.68,4.2, 1110, 0
0.02,3.96,4.2, 550, 0
0.02,3.98,4.2, 154, 0
0.02,3.62,4.2, 26, 0
0.02,3.68,4.2, 100, 0
0.02,4.1,4.2, 17808, 100
0.02,3.66,4.2, 14, 0
0.02,3.7,4.2, 27, 0
0.02,3.96,4.2, 17074, 100
0.02,3.88,4.2, 14, 0
0.02,3.84,4.2, 218, 0
0.02,4.06,4.2, 111, 0
0.02,4.26,4.2, 2, 0
0.02,4.04,4.2, 220, 0
0.02,3.96,4.2, 38, 0
0.02,3.88,4.2, 29, 0
0.02,3.72,4.2, 95, 0
0.02,4.08,4.2, 6, 0
0.02,4.02,4.2, 160, 0
0.02,4.18,4.2, 4218, 100
0.02,3.68,4.2, 225, 0
0.02,3.84,4.2, 474, 0
0.02,3.88,4.2, 34, 0
0.02,4.08,4.2, 39, 0
0.02,3.92,4.2, 239, 0
0.02,3.88,4.2, 60, 0
0.02,4.0,4.2, 5103, 100
0.02,4.04,4.2, 97, 0
0.02,4.16,4.2, 367, 0
0.02,3.72,4.2, 237, 0
0.02,3.92,4.2, 2372, 0
0.02,4.0,4.2, 76, 0
0.02,3.78,4.2, 439, 0
0.02,3.76,4.2, 88, 0
0.02,3.8,4.2, 195, 0
0.02,4.1,4.2, 41, 0
0.02,3.58,4.2, 3, 0
0.02,4.02,4.2, 37, 0
0.02,3.9,4.2, 50, 0
0.02,3.62,4.2, 122, 0
0.02,3.64,4.2, 145, 0
0.02,3.9,4.2, 187, 0
0.02,3.98,4.2, 23, 0
0.02,3.6,4.2, 249, 0
0.02,3.78,4.2, 3668, 0
0.02,4.04,4.2, 60, 0
0.02,3.96,4.2, 15, 0
0.02,4.08,4.2, 78, 0
0.02,3.7,4.2, 173, 0
0.02,3.84,4.2, 34, 0
0.02,3.76,4.2, 231, 0
0.02,3.7,4.2, 7318, 100
0.02,4.1,4.2, 54, 0
0.02,4.04,4.2, 2139, 0
0.02,4.04,4.2, 202, 0
0.02,3.82,4.2, 190, 0
0.02,3.88,4.2, 33, 0
0.02,3.8,4.2, 6, 0
0.02,3.82,4.2, 1068, 0
0.02,3.82,4.2, 454, 0
0.02,3.94,4.2, 37, 0
0.02,4.12,4.2, 79, 0
0.02,3.84,4.2, 109, 0
0.02,4.08,4.2, 253, 0
0.02,3.68,4.2, 97, 0
0.02,3.98,4.2, 5454, 0
0.02,3.68,4.2, 279, 0
0.02,4.12,4.2, 225, 0
0.02,4.08,4.2, 489, 0
0.02,4.14,4.2, 2, 0
0.02,3.9,4.2, 391, 0
0.02,4.18,4.2, 34, 0
0.02,4.22,4.2, 60, 0
0.02,3.78,4.2, 936, 0
0.02,4.0,4.2, 7559, 100
0.02,3.64,4.2, 49, 0
0.02,3.82,4.2, 122, 0
0.02,3.74,4.2, 57, 0
0.02,3.64,4.2, 311, 0
0.02,4.36,4.2, 273, 0
0.02,3.8,4.2, 115, 0
0.02,4.04,4.2, 171, 0
0.02,3.96,4.2, 441, 0
0.02,3.66,4.2, 150, 0
0.02,3.9,4.2, 178, 0
0.02,4.1,4.2, 147, 0
0.02,3.8,4.2, 65, 0
0.02,3.94,4.2, 24, 0
0.02,4.02,4.2, 152, 0
0.02,4.08,4.2, 4, 0
0.02,4.08,4.2, 42, 0
0.02,4.06,4.2, 92, 0
0.02,3.92,4.2, 1123, 0
0.02,4.08,4.2, 367, 0
0.02,3.84,4.2, 51, 0
0.02,3.86,4.2, 289, 0
0.02,3.76,4.2, 108, 0
0.02,3.66,4.2, 136, 0
0.02,4.06,4.2, 2489, 0
0.02,3.94,4.2, 111, 0
0.02,3.96,4.2, 102, 0
0.02,3.8,4.2, 4129, 0
0.02,4.06,4.2, 80, 0
0.02,3.54,4.2, 95, 0
0.02,4.14,4.2, 6459, 100
0.02,3.98,4.2, 36, 0
0.02,3.74,4.2, 671, 0
0.02,4.0,4.2, 119, 0
0.02,4.16,4.2, 247, 0
0.02,3.7,4.2, 154, 0
0.02,4.02,4.2, 33, 0
0.02,3.68,4.2, 8, 0
0.02,3.82,4.2, 1605, 0
0.02,3.64,4.2, 621, 0
0.02,4.02,4.2, 8, 0
0.02,3.62,4.2, 122, 0
0.02,3.94,4.2, 117, 0
0.02,4.2,4.2, 2, 0
0.02,3.8,4.2, 776, 0
0.02,3.86,4.2, 766, 0
0.02,3.84,4.2, 145, 0
0.02,3.98,4.2, 644, 0
0.02,3.9,4.2, 82, 0
0.02,3.9,4.2, 284, 0
0.02,3.9,4.2, 107, 0
0.02,3.92,4.2, 6536, 100
0.02,3.96,4.2, 10, 0
0.02,3.66,4.2, 48, 0
0.02,3.98,4.2, 22, 0
0.02,4.16,4.2, 4, 0
0.02,4.02,4.2, 12, 0
0.02,3.74,4.2, 42, 0
0.02,4.66,4.2, 7, 0
0.02,3.82,4.2, 251, 0
0.02,4.26,4.2, 2211, 0
0.02,3.74,4.2, 5981, 100
0.02,3.84,4.2, 13, 0
0.02,3.84,4.2, 290, 0
0.02,4.24,4.2, 606, 0
0.02,3.94,4.2, 116, 0
0.02,4.2,4.2, 605, 0
0.02,3.86,4.2, 24, 0
0.02,3.9,4.2, 15, 0
0.02,4.02,4.2, 123, 0
0.02,4.12,4.2, 102, 0
0.02,4.12,4.2, 6684, 0
0.02,4.02,4.2, 42, 0
0.02,4.04,4.2, 3815, 0
0.02,3.86,4.2, 2, 0
0.02,4.0,4.2, 24, 0
0.02,3.92,4.2, 7, 0
0.02,3.94,4.2, 53, 0
0.02,3.98,4.2, 89, 0
0.02,4.14,4.2, 28, 0
0.02,4.02,4.2, 2, 0
0.02,3.86,4.2, 694, 0
0.02,4.1,4.2, 62, 0
0.02,3.96,4.2, 252, 0
0.02,3.9,4.2, 185, 0
0.02,4.06,4.2, 582, 0
0.02,4.0,4.2, 106, 0
0.02,3.34,4.2, 75, 0
0.02,4.04,4.2, 290, 0
0.02,3.88,4.2, 199, 0
0.02,3.76,4.2, 344, 0
0.02,3.7,4.2, 20, 0
0.02,3.8,4.2, 99, 0
0.02,3.88,4.2, 249, 0
0.02,4.12,4.2, 1060, 0
0.02,3.92,4.2, 62, 0
0.02,3.44,4.2, 198, 0
0.02,4.0,4.2, 326, 0
0.02,3.94,4.2, 205, 0
0.02,3.68,4.2, 46, 0
0.02,3.86,4.2, 3, 0
0.02,4.12,4.2, 577, 0
0.02,4.2,4.2, 17, 0
0.02,3.84,4.2, 124, 0
0.02,4.1,4.2, 52, 0
0.02,4.1,4.2, 92, 0
0.02,3.52,4.2, 23, 0
0.02,3.84,4.2, 3994, 0
0.02,4.26,4.2, 13, 0
0.02,4.14,4.2, 159, 0
0.02,4.04,4.2, 9464, 100
0.02,3.94,4.2, 348, 0
0.02,4.26,4.2, 310, 0
0.02,4.02,4.2, 21, 0
0.02,3.82,4.2, 142, 0
0.02,4.12,4.2, 373, 0
0.02,4.24,4.2, 11, 0
0.02,3.88,4.2, 28, 0
0.02,4.12,4.2, 57, 0
0.02,4.0,4.2, 366, 0
0.02,3.58,4.2, 614, 0
0.02,3.9,4.2, 101, 0
0.02,4.02,4.2, 74, 0
0.02,3.96,4.2, 88, 0
0.02,3.74,4.2, 79, 0
0.02,3.92,4.2, 22, 0
0.02,3.86,4.2, 386, 0
0.02,3.68,4.2, 439, 0
0.02,3.92,4.2, 31, 0
0.02,3.62,4.2, 9, 0
0.02,3.88,4.2, 12, 0
0.02,3.94,4.2, 67, 0
0.02,4.04,4.2, 33, 0
0.02,4.3,4.2, 37, 0
0.02,3.88,4.2, 52, 0
0.02,3.86,4.2, 29, 0
0.02,3.68,4.2, 25, 0
0.02,3.84,4.2, 41, 0
0.02,3.96,4.2, 48, 0
0.02,3.78,4.2, 52, 0
0.02,3.78,4.2, 1185, 0
0.02,3.7,4.2, 10, 0
0.02,4.24,4.2, 340, 0
0.02,3.72,4.2, 48, 0
0.02,3.72,4.2, 1600, 0
0.02,4.2,4.2, 340, 0
0.02,4.22,4.2, 56, 0
0.02,3.84,4.2, 217, 0
0.02,4.08,4.2, 132, 0
0.02,4.04,4.2, 336, 0
0.02,3.94,4.2, 70, 0
0.02,4.32,4.2, 54, 0
0.02,3.94,4.2, 257, 0
0.02,3.66,4.2, 1806, 0
0.02,4.0,4.2, 457, 0
0.02,4.34,4.2, 620, 0
0.02,4.12,4.2, 117, 0
0.02,3.66,4.2, 320, 0
0.02,4.12,4.2, 479, 0
0.02,4.16,4.2, 80, 0
0.02,4.02,4.2, 23, 0
0.02,4.0,4.2, 9, 0
0.02,3.98,4.2, 502, 0
0.02,3.74,4.2, 2120, 0
0.02,3.66,4.2, 5999, 0
0.02,3.9,4.2, 81, 0
0.02,3.58,4.2, 377, 0
0.02,4.12,4.2, 41, 0
0.02,3.7,4.2, 84, 0
0.02,3.7,4.2, 658, 0
0.02,4.08,4.2, 19, 0
0.02,3.82,4.2, 13, 0
0.02,3.82,4.2, 172, 0
0.02,3.9,4.2, 40, 0
0.02,3.86,4.2, 172, 0
0.02,3.96,4.2, 412, 0
0.02,4.14,4.2, 265, 0
0.02,4.02,4.2, 50, 0
0.02,3.84,4.2, 177, 0
0.02,4.08,4.2, 86, 0
0.02,3.68,4.2, 1986, 0
0.02,3.86,4.2, 3, 0
0.02,3.82,4.2, 68, 0
0.02,4.2,4.2, 125, 0
0.02,3.86,4.2, 1664, 0
0.02,3.86,4.2, 8026, 100
0.02,4.3,4.2, 168, 0
0.02,4.16,4.2, 253, 0
0.02,4.22,4.2, 242, 0
0.02,4.02,4.2, 163, 0
0.02,3.98,4.2, 5, 0
0.02,3.92,4.2, 286, 0
0.02,4.1,4.2, 377, 0
0.02,3.64,4.2, 142, 0
0.02,3.82,4.2, 38, 0
0.02,3.74,4.2, 73, 0
0.02,4.02,4.2, 44, 0
0.02,3.78,4.2, 201, 0
0.02,3.84,4.2, 76, 0
0.02,4.16,4.2, 99, 0
0.02,3.82,4.2, 94, 0
0.02,3.7,4.2, 39, 0
0.02,3.96,4.2, 1514, 0
0.02,3.96,4.2, 97, 0
0.02,4.06,4.2, 294, 0
0.02,4.04,4.2, 19, 0
0.02,3.78,4.2, 1041, 0
0.02,3.88,4.2, 5, 0
0.02,3.64,4.2, 263, 0
0.02,3.8,4.2, 550, 0
0.02,3.84,4.2, 711, 0
0.02,3.9,4.2, 57, 0
0.02,3.88,4.2, 123, 0
0.02,4.08,4.2, 78, 0
0.02,3.9,4.2, 25, 0
0.02,4.06,4.2, 156, 0
0.02,4.28,4.2, 352, 0
0.02,4.0,4.2, 145, 0
0.02,3.72,4.2, 94, 0
0.02,3.84,4.2, 5804, 0
0.02,3.62,4.2, 1, 0
0.02,3.7,4.2, 13, 0
0.02,3.86,4.2, 38, 0
0.02,3.84,4.2, 2196, 0
0.02,4.12,4.2, 9971, 100
0.02,4.02,4.2, 49, 0
0.02,3.84,4.2, 200, 0
0.02,4.06,4.2, 57, 0
0.02,3.98,4.2, 199, 0
0.02,3.96,4.2, 10301, 100
0.02,4.16,4.2, 14, 0
0.02,4.08,4.2, 57, 0
0.02,4.0,4.2, 236, 0
0.02,3.76,4.2, 1837, 0
0.02,3.8,4.2, 204, 0
0.02,4.04,4.2, 57, 0
0.02,3.6,4.2, 34, 0
0.02,3.72,4.2, 29, 0
0.02,4.32,4.2, 12, 0
0.02,3.66,4.2, 13, 0
0.02,3.88,4.2, 259, 0
0.02,4.24,4.2, 138, 0
0.02,4.08,4.2, 211, 0
0.02,3.78,4.2, 111, 0
0.02,4.1,4.2, 309, 0
0.02,3.74,4.2, 50, 0
0.02,4.02,4.2, 192, 0
0.02,3.86,4.2, 96, 0
0.02,4.52,4.2, 139, 0
0.02,3.7,4.2, 15, 0
0.02,3.94,4.2, 90, 0
0.02,4.0,4.2, 193, 0
0.02,4.12,4.2, 35, 0
0.02,3.82,4.2, 27, 0
0.02,3.56,4.2, 27, 0
0.02,4.0,4.2, 7068, 0
0.02,3.66,4.2, 102, 0
0.02,3.38,4.2, 34, 0
0.02,4.18,4.2, 8, 0
0.02,4.06,4.2, 9837, 0
0.02,4.1,4.2, 344, 0
0.02,3.82,4.2, 793, 0
0.02,3.94,4.2, 36, 0
0.02,3.66,4.2, 1336, 0
0.02,3.8,4.2, 105, 0
0.02,4.2,4.2, 7221, 0
0.02,4.04,4.2, 444, 0
0.02,4.2,4.2, 325, 0
0.02,3.7,4.2, 514, 0
0.02,4.0,4.2, 222, 0
0.02,4.08,4.2, 6926, 100
0.02,3.66,4.2, 49, 0
0.02,4.04,4.2, 120, 0
0.02,3.78,4.2, 14, 0
0.02,4.2,4.2, 3, 0
0.02,3.78,4.2, 23, 0
0.02,3.78,4.2, 228, 0
0.02,3.8,4.2, 1202, 0
0.02,3.72,4.2, 4, 0
0.02,3.74,4.2, 2, 0
0.02,3.78,4.2, 23, 0
0.02,3.74,4.2, 370, 0
0.02,3.92,4.2, 932, 0
0.02,4.22,4.2, 228, 0
0.02,3.82,4.2, 88, 0
0.02,3.88,4.2, 2, 0
0.02,3.82,4.2, 111, 0
0.02,3.6,4.2, 106, 0
0.02,3.92,4.2, 37, 0
0.02,3.92,4.2, 120, 0
0.02,3.98,4.2, 194, 0
0.02,3.9,4.2, 194, 0
0.02,4.0,4.2, 13, 0
0.02,3.88,4.2, 167, 0
0.02,4.2,4.2, 128, 0
0.02,3.94,4.2, 385, 0
0.02,4.34,4.2, 473, 0
0.02,4.04,4.2, 38, 0
0.02,3.98,4.2, 185, 0
0.02,3.62,4.2, 136, 0
0.02,3.66,4.2, 168, 0
0.02,3.6,4.2, 91, 0
0.02,3.64,4.2, 94, 0
0.02,4.14,4.2, 123, 0
0.02,3.88,4.2, 807, 0
0.02,3.94,4.2, 1633, 0
0.02,3.8,4.2, 11, 0
0.02,4.0,4.2, 9, 0
0.02,4.12,4.2, 356, 0
0.02,4.18,4.2, 46, 0
0.02,3.88,4.2, 37, 0
0.02,3.72,4.2, 29, 0
0.02,3.86,4.2, 958, 0
0.02,3.8,4.2, 79, 0
0.02,3.48,4.2, 266, 0
0.02,3.76,4.2, 66, 0
0.02,4.02,4.2, 12858, 100
0.02,3.7,4.2, 53, 0
0.02,3.7,4.2, 117, 0
0.02,3.7,4.2, 1021, 0
0.02,3.88,4.2, 424, 0
0.02,3.9,4.2, 71, 0
0.02,4.04,4.2, 67, 0
0.02,3.94,4.2, 123, 0
0.02,4.14,4.2, 2048, 0
0.02,3.88,4.2, 645, 0
0.02,4.24,4.2, 151, 0
0.02,4.28,4.2, 197, 0
0.02,4.06,4.2, 11, 0
0.02,3.62,4.2, 743, 0
0.02,3.94,4.2, 182, 0
0.02,3.82,4.2, 102, 0
0.02,3.94,4.2, 79, 0
0.02,3.64,4.2, 56, 0
0.02,3.92,4.2, 146, 0
0.02,4.2,4.2, 64, 0
0.02,4.2,4.2, 9, 0
0.02,3.8,4.2, 224, 0
0.02,3.78,4.2, 3, 0
0.02,3.84,4.2, 19, 0
0.02,4.12,4.2, 139, 0
0.02,3.92,4.2, 328, 0
0.02,3.68,4.2, 114, 0
0.02,4.04,4.2, 17, 0
0.02,4.04,4.2, 291, 0
0.02,3.88,4.2, 5, 0
