p, k, b/c, n, result
0.02,3.94,4.5, 112, 0
0.02,3.88,4.5, 31, 0
0.02,4.1,4.5, 259, 0
0.02,3.9,4.5, 183, 0
0.02,3.88,4.5, 88, 0
0.02,3.92,4.5, 447, 0
0.02,3.9,4.5, 18, 0
0.02,4.18,4.5, 1494, 0
0.02,3.4,4.5, 455, 0
0.02,3.92,4.5, 530, 0
0.02,3.88,4.5, 347, 0
0.02,4.26,4.5, 188, 0
0.02,4.12,4.5, 15, 0
0.02,3.76,4.5, 7208, 100
0.02,3.92,4.5, 441, 0
0.02,4.02,4.5, 17, 0
0.02,3.7,4.5, 260, 0
0.02,4.12,4.5, 126, 0
0.02,4.0,4.5, 510, 0
0.02,3.94,4.5, 105, 0
0.02,3.9,4.5, 143, 0
0.02,3.86,4.5, 1, 0
0.02,3.96,4.5, 20, 0
0.02,3.88,4.5, 26, 0
0.02,3.76,4.5, 65, 0
0.02,3.94,4.5, 21, 0
0.02,3.94,4.5, 15, 0
0.02,4.34,4.5, 214, 0
0.02,3.62,4.5, 432, 0
0.02,3.84,4.5, 12, 0
0.02,3.6,4.5, 9279, 0
0.02,3.96,4.5, 74, 0
0.02,3.5,4.5, 707, 0
0.02,3.74,4.5, 52, 0
0.02,3.84,4.5, 309, 0
0.02,3.92,4.5, 16805, 0
0.02,3.72,4.5, 437, 0
0.02,4.16,4.5, 595, 0
0.02,4.08,4.5, 16, 0
0.02,4.0,4.5, 1717, 0
0.02,4.06,4.5, 67, 0
0.02,3.9,4.5, 74, 0
0.02,3.94,4.5, 18, 0
0.02,4.02,4.5, 199, 0
0.02,3.86,4.5, 2, 0
0.02,4.04,4.5, 255, 0
0.02,4.2,4.5, 6276, 100
0.02,4.06,4.5, 49, 0
0.02,3.8,4.5, 42, 0
0.02,3.76,4.5, 205, 0
0.02,3.66,4.5, 6, 0
0.02,3.62,4.5, 266, 0
0.02,4.0,4.5, 207, 0
0.02,4.06,4.5, 131, 0
0.02,4.2,4.5, 24, 0
0.02,3.66,4.5, 184, 0
0.02,3.76,4.5, 18212, 100
0.02,4.02,4.5, 569, 0
0.02,3.34,4.5, 169, 0
0.02,3.94,4.5, 5, 0
0.02,4.16,4.5, 9, 0
0.02,3.84,4.5, 59, 0
0.02,3.8,4.5, 85, 0
0.02,3.9,4.5, 24, 0
0.02,3.66,4.5, 4857, 0
0.02,4.08,4.5, 291, 0
0.02,3.84,4.5, 78, 0
0.02,3.88,4.5, 543, 0
0.02,3.98,4.5, 421, 0
0.02,3.82,4.5, 36, 0
0.02,4.18,4.5, 5, 0
0.02,4.02,4.5, 452, 0
0.02,3.64,4.5, 147, 0
0.02,4.0,4.5, 10, 0
0.02,4.02,4.5, 30, 0
0.02,3.96,4.5, 290, 0
0.02,3.96,4.5, 140, 0
0.02,3.88,4.5, 391, 0
0.02,3.96,4.5, 575, 0
0.02,3.66,4.5, 167, 0
0.02,3.96,4.5, 39, 0
0.02,3.84,4.5, 21, 0
0.02,3.92,4.5, 106, 0
0.02,4.0,4.5, 135, 0
0.02,3.44,4.5, 81, 0
0.02,3.8,4.5, 1399, 0
0.02,3.48,4.5, 2, 0
0.02,3.84,4.5, 20, 0
0.02,3.82,4.5, 303, 0
0.02,4.06,4.5, 8264, 0
0.02,4.04,4.5, 657, 0
0.02,3.74,4.5, 659, 0
0.02,3.88,4.5, 16338, 100
0.02,4.02,4.5, 39, 0
0.02,3.68,4.5, 105, 0
0.02,3.96,4.5, 57, 0
0.02,3.8,4.5, 1326, 0
0.02,3.7,4.5, 168, 0
0.02,4.08,4.5, 145, 0
0.02,4.2,4.5, 62, 0
0.02,4.24,4.5, 73, 0
0.02,4.2,4.5, 2334, 0
0.02,3.74,4.5, 3511, 0
0.02,4.16,4.5, 82, 0
0.02,3.82,4.5, 1141, 0
0.02,3.88,4.5, 1291, 0
0.02,4.16,4.5, 250, 0
0.02,4.0,4.5, 254, 0
0.02,3.56,4.5, 90, 0
0.02,3.86,4.5, 193, 0
0.02,3.56,4.5, 91, 0
0.02,4.0,4.5, 45, 0
0.02,3.68,4.5, 51, 0
0.02,3.9,4.5, 220, 0
0.02,3.66,4.5, 44, 0
0.02,3.76,4.5, 435, 0
0.02,4.06,4.5, 376, 0
0.02,4.08,4.5, 2, 0
0.02,3.96,4.5, 105, 0
0.02,3.96,4.5, 872, 0
0.02,3.96,4.5, 15, 0
0.02,4.26,4.5, 96, 0
0.02,4.0,4.5, 96, 0
0.02,3.66,4.5, 5, 0
0.02,3.88,4.5, 114, 0
0.02,3.54,4.5, 478, 0
0.02,3.92,4.5, 910, 0
0.02,3.7,4.5, 35, 0
0.02,3.86,4.5, 13, 0
0.02,3.78,4.5, 25, 0
0.02,4.0,4.5, 382, 0
0.02,4.12,4.5, 31, 0
0.02,4.04,4.5, 44, 0
0.02,3.78,4.5, 271, 0
0.02,4.08,4.5, 80, 0
0.02,3.72,4.5, 627, 0
0.02,3.94,4.5, 54, 0
0.02,3.8,4.5, 689, 0
0.02,3.88,4.5, 216, 0
0.02,4.2,4.5, 67, 0
0.02,4.4,4.5, 19, 0
0.02,4.0,4.5, 103, 0
0.02,3.84,4.5, 2, 0
0.02,3.92,4.5, 6, 0
0.02,3.72,4.5, 1, 0
0.02,4.0,4.5, 2955, 0
0.02,4.12,4.5, 485, 0
0.02,3.5,4.5, 18, 0
0.02,3.88,4.5, 32, 0
0.02,4.06,4.5, 30, 0
0.02,3.68,4.5, 170, 0
0.02,4.3,4.5, 31, 0
0.02,4.12,4.5, 46, 0
0.02,3.66,4.5, 223, 0
0.02,3.68,4.5, 2824, 0
0.02,3.72,4.5, 753, 0
0.02,3.9,4.5, 3, 0
0.02,4.04,4.5, 143, 0
0.02,4.06,4.5, 135, 0
0.02,3.98,4.5, 1, 0
0.02,3.78,4.5, 444, 0
0.02,3.82,4.5, 317, 0
0.02,3.98,4.5, 1494, 0
0.02,4.06,4.5, 69, 0
0.02,4.24,4.5, 412, 0
0.02,3.88,4.5, 41, 0
0.02,3.9,4.5, 115, 0
0.02,3.86,4.5, 11590, 0
0.02,4.34,4.5, 1207, 0
0.02,3.6,4.5, 37, 0
0.02,3.7,4.5, 290, 0
0.02,3.8,4.5, 2, 0
0.02,3.86,4.5, 2564, 0
0.02,4.02,4.5, 203, 0
0.02,4.2,4.5, 847, 0
0.02,4.02,4.5, 23, 0
0.02,3.54,4.5, 147, 0
0.02,3.84,4.5, 199, 0
0.02,3.86,4.5, 2, 0
0.02,3.8,4.5, 77, 0
0.02,3.8,4.5, 478, 0
0.02,3.88,4.5, 45, 0
0.02,3.94,4.5, 304, 0
0.02,4.0,4.5, 193, 0
0.02,3.68,4.5, 513, 0
0.02,3.84,4.5, 143, 0
0.02,3.36,4.5, 27305, 100
0.02,4.08,4.5, 17, 0
0.02,3.74,4.5, 2425, 0
0.02,3.98,4.5, 38, 0
0.02,3.76,4.5, 52, 0
0.02,4.0,4.5, 72, 0
0.02,3.6,4.5, 307, 0
0.02,3.92,4.5, 113, 0
0.02,4.02,4.5, 185, 0
0.02,3.74,4.5, 1, 0
0.02,3.98,4.5, 57, 0
0.02,3.92,4.5, 6192, 100
0.02,4.06,4.5, 284, 0
0.02,3.74,4.5, 48, 0
0.02,3.88,4.5, 74, 0
0.02,3.64,4.5, 70, 0
0.02,4.0,4.5, 6, 0
0.02,3.96,4.5, 378, 0
0.02,3.9,4.5, 12379, 100
0.02,4.36,4.5, 59, 0
0.02,3.42,4.5, 52, 0
0.02,3.76,4.5, 14, 0
0.02,3.96,4.5, 50, 0
0.02,3.94,4.5, 71, 0
0.02,4.0,4.5, 8, 0
0.02,4.16,4.5, 148, 0
0.02,4.18,4.5, 14, 0
0.02,3.72,4.5, 98, 0
0.02,3.64,4.5, 357, 0
0.02,4.38,4.5, 362, 0
0.02,4.0,4.5, 75, 0
0.02,3.82,4.5, 40, 0
0.02,3.92,4.5, 67, 0
0.02,4.1,4.5, 1, 0
0.02,3.8,4.5, 2062, 0
0.02,4.1,4.5, 1776, 0
0.02,4.0,4.5, 42, 0
0.02,3.9,4.5, 9, 0
0.02,3.96,4.5, 4439, 100
0.02,3.66,4.5, 1, 0
0.02,4.04,4.5, 13, 0
0.02,3.78,4.5, 135, 0
0.02,3.9,4.5, 3, 0
0.02,4.02,4.5, 12, 0
0.02,3.96,4.5, 119, 0
0.02,4.26,4.5, 52, 0
0.02,4.06,4.5, 591, 0
0.02,4.0,4.5, 12597, 0
0.02,3.7,4.5, 431, 0
0.02,4.34,4.5, 227, 0
0.02,3.94,4.5, 99, 0
0.02,3.8,4.5, 119, 0
0.02,3.62,4.5, 10, 0
0.02,4.14,4.5, 21, 0
0.02,3.78,4.5, 52, 0
0.02,3.96,4.5, 96, 0
0.02,3.8,4.5, 443, 0
0.02,3.7,4.5, 41, 0
0.02,3.62,4.5, 39, 0
0.02,3.84,4.5, 27, 0
0.02,3.64,4.5, 24, 0
0.02,4.04,4.5, 42, 0
0.02,4.08,4.5, 232, 0
0.02,3.92,4.5, 5891, 0
0.02,4.1,4.5, 22, 0
0.02,4.34,4.5, 485, 0
0.02,3.88,4.5, 56, 0
0.02,3.7,4.5, 7, 0
0.02,4.02,4.5, 155, 0
0.02,3.66,4.5, 142, 0
0.02,4.06,4.5, 312, 0
0.02,3.88,4.5, 305, 0
0.02,4.06,4.5, 11, 0
0.02,3.8,4.5, 251, 0
0.02,4.1,4.5, 51, 0
0.02,3.64,4.5, 9, 0
0.02,3.56,4.5, 4, 0
0.02,4.04,4.5, 281, 0
0.02,3.92,4.5, 322, 0
0.02,3.82,4.5, 8392, 0
0.02,3.9,4.5, 48, 0
0.02,3.88,4.5, 244, 0
0.02,4.0,4.5, 16, 0
0.02,4.08,4.5, 40, 0
0.02,3.88,4.5, 18, 0
0.02,3.66,4.5, 6, 0
0.02,3.92,4.5, 97, 0
0.02,3.46,4.5, 744, 0
0.02,3.92,4.5, 141, 0
0.02,3.86,4.5, 207, 0
0.02,3.8,4.5, 3568, 0
0.02,4.18,4.5, 6507, 100
0.02,4.06,4.5, 60, 0
0.02,4.26,4.5, 7, 0
0.02,4.02,4.5, 44, 0
0.02,3.54,4.5, 71, 0
0.02,3.56,4.5, 97, 0
0.02,3.98,4.5, 292, 0
0.02,3.82,4.5, 24, 0
0.02,3.72,4.5, 163, 0
0.02,3.82,4.5, 54, 0
0.02,3.68,4.5, 2, 0
0.02,4.24,4.5, 2, 0
0.02,3.96,4.5, 168, 0
0.02,3.62,4.5, 98, 0
0.02,3.66,4.5, 184, 0
0.02,4.14,4.5, 877, 0
0.02,4.16,4.5, 120, 0
0.02,4.02,4.5, 1233, 0
0.02,4.04,4.5, 227, 0
0.02,4.28,4.5, 216, 0
0.02,3.88,4.5, 202, 0
0.02,3.7,4.5, 148, 0
0.02,3.56,4.5, 62, 0
0.02,3.56,4.5, 36, 0
0.02,3.84,4.5, 535, 0
0.02,3.72,4.5, 192, 0
0.02,3.98,4.5, 58, 0
0.02,4.08,4.5, 304, 0
0.02,3.96,4.5, 50, 0
0.02,3.96,4.5, 91, 0
0.02,3.84,4.5, 310, 0
0.02,3.92,4.5, 83, 0
0.02,4.1,4.5, 74, 0
0.02,3.46,4.5, 380, 0
0.02,3.86,4.5, 207, 0
0.02,3.38,4.5, 76, 0
0.02,4.06,4.5, 161, 0
0.02,3.88,4.5, 837, 0
0.02,3.92,4.5, 27, 0
0.02,3.92,4.5, 585, 0
0.02,3.82,4.5, 3, 0
0.02,3.68,4.5, 160, 0
0.02,4.06,4.5, 437, 0
0.02,3.74,4.5, 333, 0
0.02,3.86,4.5, 46, 0
0.02,4.1,4.5, 3685, 0
0.02,3.82,4.5, 777, 0
0.02,4.12,4.5, 72, 0
0.02,4.06,4.5, 64, 0
0.02,3.82,4.5, 263, 0
0.02,3.76,4.5, 223, 0
0.02,3.98,4.5, 78, 0
0.02,4.06,4.5, 58, 0
0.02,3.72,4.5, 186, 0
0.02,4.04,4.5, 31, 0
0.02,4.2,4.5, 25, 0
0.02,3.78,4.5, 10640, 100
0.02,3.82,4.5, 625, 0
0.02,3.74,4.5, 819, 0
0.02,3.98,4.5, 115, 0
0.02,4.38,4.5, 81, 0
0.02,4.36,4.5, 676, 0
0.02,3.94,4.5, 23, 0
0.02,3.84,4.5, 20, 0
0.02,3.56,4.5, 44, 0
0.02,4.22,4.5, 165, 0
0.02,3.68,4.5, 13384, 100
0.02,4.16,4.5, 18, 0
0.02,3.5,4.5, 8287, 100
0.02,4.16,4.5, 768, 0
0.02,3.74,4.5, 162, 0
0.02,3.82,4.5, 49, 0
0.02,3.3,4.5, 53, 0
0.02,3.82,4.5, 6, 0
0.02,3.84,4.5, 123, 0
0.02,4.3,4.5, 31, 0
0.02,3.86,4.5, 212, 0
0.02,4.08,4.5, 106, 0
0.02,3.84,4.5, 446, 0
0.02,3.98,4.5, 32, 0
0.02,4.0,4.5, 131, 0
0.02,3.98,4.5, 6, 0
0.02,4.22,4.5, 72, 0
0.02,4.0,4.5, 290, 0
0.02,3.74,4.5, 1003, 0
0.02,3.78,4.5, 35, 0
0.02,4.22,4.5, 96, 0
0.02,3.74,4.5, 13, 0
0.02,4.08,4.5, 59, 0
0.02,3.72,4.5, 86, 0
0.02,4.24,4.5, 355, 0
0.02,3.84,4.5, 1, 0
0.02,3.56,4.5, 80, 0
0.02,4.08,4.5, 81, 0
0.02,3.96,4.5, 64, 0
0.02,4.32,4.5, 76, 0
0.02,3.62,4.5, 238, 0
0.02,4.06,4.5, 18, 0
0.02,3.86,4.5, 30, 0
0.02,4.02,4.5, 45, 0
0.02,4.02,4.5, 142, 0
0.02,4.0,4.5, 6, 0
0.02,4.04,4.5, 748, 0
0.02,4.02,4.5, 172, 0
0.02,3.9,4.5, 11, 0
0.02,3.58,4.5, 30, 0
0.02,3.92,4.5, 170, 0
0.02,3.62,4.5, 38, 0
0.02,4.12,4.5, 8653, 0
0.02,3.86,4.5, 129, 0
0.02,3.76,4.5, 546, 0
0.02,4.1,4.5, 1, 0
0.02,4.04,4.5, 21, 0
0.02,3.54,4.5, 291, 0
0.02,3.7,4.5, 9990, 0
0.02,3.6,4.5, 108, 0
0.02,4.24,4.5, 274, 0
0.02,4.12,4.5, 65, 0
0.02,4.34,4.5, 179, 0
0.02,4.12,4.5, 222, 0
0.02,3.78,4.5, 40, 0
0.02,4.1,4.5, 33, 0
0.02,3.78,4.5, 47, 0
0.02,4.02,4.5, 21, 0
0.02,4.18,4.5, 155, 0
0.02,3.98,4.5, 21, 0
0.02,4.14,4.5, 4, 0
0.02,3.92,4.5, 110, 0
0.02,3.72,4.5, 106, 0
0.02,3.56,4.5, 21, 0
0.02,3.86,4.5, 4367, 100
0.02,4.08,4.5, 243, 0
0.02,4.06,4.5, 657, 0
0.02,3.86,4.5, 42, 0
0.02,4.04,4.5, 139, 0
0.02,3.6,4.5, 157, 0
0.02,3.92,4.5, 51, 0
0.02,4.46,4.5, 363, 0
0.02,3.56,4.5, 25, 0
0.02,3.46,4.5, 73, 0
0.02,3.94,4.5, 922, 0
0.02,3.52,4.5, 800, 0
0.02,4.1,4.5, 1637, 0
0.02,3.92,4.5, 131, 0
0.02,3.54,4.5, 64, 0
0.02,3.64,4.5, 176, 0
0.02,4.0,4.5, 16, 0
0.02,4.1,4.5, 39, 0
0.02,3.92,4.5, 42, 0
0.02,4.14,4.5, 290, 0
0.02,3.9,4.5, 322, 0
0.02,3.64,4.5, 822, 0
0.02,4.08,4.5, 239, 0
0.02,3.94,4.5, 242, 0
0.02,3.92,4.5, 21, 0
0.02,3.92,4.5, 427, 0
0.02,3.74,4.5, 759, 0
0.02,3.54,4.5, 135, 0
0.02,3.62,4.5, 313, 0
0.02,4.22,4.5, 78, 0
0.02,3.88,4.5, 2125, 0
0.02,4.18,4.5, 1652, 0
0.02,3.96,4.5, 125, 0
0.02,3.78,4.5, 187, 0
0.02,3.86,4.5, 146, 0
0.02,4.06,4.5, 65, 0
0.02,3.78,4.5, 17, 0
0.02,3.86,4.5, 7, 0
0.02,3.74,4.5, 28, 0
0.02,3.84,4.5, 30, 0
0.02,4.08,4.5, 10, 0
0.02,3.74,4.5, 8, 0
0.02,3.7,4.5, 367, 0
0.02,4.1,4.5, 58, 0
0.02,4.1,4.5, 126, 0
0.02,3.74,4.5, 86, 0
0.02,4.0,4.5, 51, 0
0.02,3.98,4.5, 62, 0
0.02,3.88,4.5, 2973, 100
0.02,4.12,4.5, 22, 0
0.02,3.64,4.5, 330, 0
0.02,4.1,4.5, 5, 0
0.02,3.7,4.5, 48, 0
0.02,4.16,4.5, 81, 0
0.02,4.0,4.5, 2, 0
0.02,3.5,4.5, 7, 0
0.02,3.66,4.5, 315, 0
0.02,4.04,4.5, 456, 0
0.02,4.0,4.5, 92, 0
0.02,4.16,4.5, 31, 0
0.02,4.22,4.5, 4, 0
0.02,3.76,4.5, 313, 0
0.02,3.96,4.5, 199, 0
0.02,3.62,4.5, 117, 0
0.02,4.06,4.5, 1188, 0
0.02,4.18,4.5, 145, 0
0.02,4.12,4.5, 86, 0
0.02,3.54,4.5, 6, 0
0.02,3.7,4.5, 144, 0
0.02,4.02,4.5, 86, 0
0.02,3.96,4.5, 267, 0
0.02,3.88,4.5, 3, 0
0.02,4.0,4.5, 2986, 0
0.02,3.96,4.5, 145, 0
0.02,3.88,4.5, 93, 0
0.02,3.78,4.5, 134, 0
0.02,3.88,4.5, 7, 0
0.02,3.62,4.5, 173, 0
0.02,3.68,4.5, 360, 0
0.02,4.18,4.5, 51, 0
0.02,4.1,4.5, 119, 0
0.02,4.22,4.5, 3, 0
0.02,3.92,4.5, 4147, 0
0.02,4.02,4.5, 43, 0
0.02,3.96,4.5, 207, 0
0.02,3.84,4.5, 31, 0
0.02,3.5,4.5, 199, 0
0.02,3.74,4.5, 173, 0
0.02,3.88,4.5, 7102, 100
0.02,3.84,4.5, 1036, 0
0.02,3.96,4.5, 68, 0
0.02,4.5,4.5, 227, 0
0.02,3.66,4.5, 692, 0
0.02,3.78,4.5, 78, 0
0.02,4.18,4.5, 98, 0
0.02,4.28,4.5, 49, 0
0.02,4.02,4.5, 46, 0
0.02,3.82,4.5, 28, 0
0.02,4.04,4.5, 49, 0
0.02,3.6,4.5, 3405, 0
0.02,4.22,4.5, 108, 0
0.02,4.16,4.5, 255, 0
0.02,4.16,4.5, 5, 0
0.02,4.06,4.5, 4, 0
0.02,3.5,4.5, 84, 0
0.02,3.72,4.5, 67, 0
0.02,4.06,4.5, 9, 0
0.02,3.8,4.5, 112, 0
0.02,3.86,4.5, 130, 0
0.02,4.28,4.5, 285, 0
0.02,3.78,4.5, 591, 0
0.02,3.8,4.5, 824, 0
0.02,4.1,4.5, 150, 0
0.02,3.72,4.5, 1456, 0
0.02,3.78,4.5, 423, 0
0.02,3.94,4.5, 54, 0
0.02,3.44,4.5, 11, 0
0.02,3.64,4.5, 98, 0
0.02,4.02,4.5, 2, 0
0.02,4.04,4.5, 121, 0
0.02,4.2,4.5, 31, 0
0.02,3.56,4.5, 817, 0
0.02,4.12,4.5, 200, 0
0.02,3.72,4.5, 5499, 100
0.02,4.08,4.5, 7, 0
0.02,3.88,4.5, 10, 0
0.02,3.7,4.5, 545, 0
0.02,3.76,4.5, 504, 0
0.02,3.76,4.5, 14, 0
0.02,3.84,4.5, 7, 0
0.02,3.82,4.5, 25, 0
0.02,4.08,4.5, 68, 0
0.02,4.0,4.5, 2538, 0
0.02,4.08,4.5, 14384, 0
0.02,4.18,4.5, 770, 0
0.02,3.94,4.5, 27, 0
0.02,3.72,4.5, 35, 0
0.02,3.98,4.5, 98, 0
0.02,4.22,4.5, 5, 0
0.02,3.96,4.5, 24, 0
0.02,4.06,4.5, 306, 0
0.02,3.98,4.5, 395, 0
0.02,3.88,4.5, 6, 0
0.02,4.12,4.5, 521, 0
0.02,3.48,4.5, 10726, 100
0.02,4.12,4.5, 426, 0
0.02,4.0,4.5, 209, 0
0.02,4.16,4.5, 308, 0
0.02,4.28,4.5, 4157, 100
0.02,3.66,4.5, 1305, 0
0.02,3.96,4.5, 723, 0
0.02,4.02,4.5, 661, 0
0.02,3.82,4.5, 44, 0
0.02,3.56,4.5, 4035, 0
0.02,4.28,4.5, 392, 0
0.02,3.8,4.5, 60, 0
0.02,4.08,4.5, 78, 0
0.02,3.94,4.5, 62, 0
0.02,3.9,4.5, 1309, 0
0.02,4.18,4.5, 175, 0
0.02,4.0,4.5, 482, 0
0.02,3.74,4.5, 132, 0
0.02,3.94,4.5, 11, 0
0.02,3.84,4.5, 93, 0
0.02,4.06,4.5, 163, 0
0.02,3.86,4.5, 16, 0
0.02,4.06,4.5, 151, 0
0.02,3.76,4.5, 345, 0
0.02,4.04,4.5, 46, 0
0.02,3.76,4.5, 343, 0
0.02,3.86,4.5, 95, 0
0.02,3.72,4.5, 58, 0
0.02,4.16,4.5, 39, 0
0.02,3.8,4.5, 50, 0
0.02,3.92,4.5, 26, 0
0.02,4.0,4.5, 796, 0
0.02,3.72,4.5, 845, 0
0.02,3.76,4.5, 26, 0
0.02,3.94,4.5, 329, 0
0.02,3.82,4.5, 36, 0
0.02,4.02,4.5, 61, 0
0.02,3.58,4.5, 4185, 0
0.02,4.38,4.5, 335, 0
0.02,3.86,4.5, 11, 0
0.02,3.78,4.5, 75, 0
0.02,4.04,4.5, 976, 0
0.02,3.98,4.5, 164, 0
0.02,3.84,4.5, 70, 0
0.02,3.62,4.5, 433, 0
0.02,3.98,4.5, 58, 0
0.02,4.22,4.5, 291, 0
0.02,3.7,4.5, 4084, 0
0.02,3.88,4.5, 20, 0
0.02,4.0,4.5, 157, 0
0.02,3.88,4.5, 27753, 100
0.02,3.98,4.5, 127, 0
0.02,3.78,4.5, 132, 0
0.02,3.92,4.5, 283, 0
0.02,4.16,4.5, 51, 0
0.02,3.96,4.5, 1608, 0
0.02,3.4,4.5, 267, 0
0.02,3.6,4.5, 173, 0
0.02,3.98,4.5, 4, 0
0.02,4.06,4.5, 1042, 0
0.02,4.18,4.5, 423, 0
0.02,4.28,4.5, 537, 0
0.02,4.04,4.5, 9, 0
0.02,3.86,4.5, 827, 0
0.02,4.16,4.5, 45, 0
0.02,3.98,4.5, 13, 0
0.02,3.92,4.5, 9376, 100
0.02,4.32,4.5, 193, 0
0.02,3.92,4.5, 54, 0
0.02,3.82,4.5, 2238, 0
0.02,3.98,4.5, 3007, 0
0.02,4.28,4.5, 1212, 0
0.02,3.9,4.5, 90, 0
0.02,4.02,4.5, 1197, 0
0.02,3.62,4.5, 9, 0
0.02,3.98,4.5, 62, 0
0.02,4.16,4.5, 210, 0
0.02,4.32,4.5, 138, 0
0.02,3.7,4.5, 15799, 100
0.02,3.94,4.5, 648, 0
0.02,4.04,4.5, 17, 0
0.02,3.9,4.5, 415, 0
0.02,3.5,4.5, 259, 0
0.02,3.54,4.5, 163, 0
0.02,4.14,4.5, 59, 0
0.02,4.28,4.5, 81, 0
0.02,4.0,4.5, 7368, 100
0.02,4.1,4.5, 99, 0
0.02,3.96,4.5, 314, 0
0.02,3.58,4.5, 76, 0
0.02,3.98,4.5, 353, 0
0.02,4.14,4.5, 4816, 100
0.02,4.14,4.5, 53, 0
0.02,3.88,4.5, 9, 0
0.02,4.18,4.5, 27, 0
0.02,4.14,4.5, 28, 0
0.02,4.18,4.5, 125, 0
0.02,3.66,4.5, 134, 0
0.02,4.04,4.5, 1813, 0
0.02,3.98,4.5, 34, 0
0.02,3.94,4.5, 717, 0
0.02,4.44,4.5, 273, 0
0.02,3.94,4.5, 9, 0
0.02,4.18,4.5, 327, 0
0.02,3.9,4.5, 47, 0
0.02,3.62,4.5, 1458, 0
0.02,4.1,4.5, 286, 0
0.02,3.94,4.5, 3, 0
0.02,3.56,4.5, 932, 0
0.02,3.8,4.5, 10629, 100
0.02,3.64,4.5, 140, 0
0.02,3.88,4.5, 214, 0
0.02,3.68,4.5, 39, 0
0.02,3.5,4.5, 348, 0
0.02,4.2,4.5, 480, 0
0.02,3.32,4.5, 23, 0
0.02,4.46,4.5, 145, 0
0.02,3.76,4.5, 30, 0
0.02,3.92,4.5, 24, 0
0.02,3.5,4.5, 64, 0
0.02,3.8,4.5, 9, 0
0.02,4.0,4.5, 113, 0
0.02,4.02,4.5, 153, 0
0.02,3.94,4.5, 4162, 0
0.02,4.2,4.5, 37, 0
0.02,4.06,4.5, 65, 0
0.02,3.84,4.5, 66, 0
0.02,4.12,4.5, 453, 0
0.02,3.54,4.5, 55, 0
0.02,3.86,4.5, 195, 0
0.02,4.2,4.5, 53, 0
0.02,4.08,4.5, 17, 0
0.02,4.04,4.5, 17, 0
0.02,4.1,4.5, 15, 0
0.02,3.98,4.5, 619, 0
0.02,4.3,4.5, 79, 0
0.02,3.86,4.5, 40, 0
0.02,3.86,4.5, 208, 0
0.02,3.9,4.5, 4, 0
0.02,3.94,4.5, 54, 0
0.02,4.12,4.5, 3838, 0
0.02,3.74,4.5, 104, 0
0.02,3.64,4.5, 17, 0
0.02,3.96,4.5, 552, 0
0.02,3.84,4.5, 21, 0
0.02,3.98,4.5, 731, 0
0.02,4.08,4.5, 894, 0
0.02,3.48,4.5, 55, 0
0.02,4.14,4.5, 433, 0
0.02,4.02,4.5, 1259, 0
0.02,3.88,4.5, 8224, 100
0.02,4.06,4.5, 936, 0
0.02,3.76,4.5, 140, 0
0.02,3.82,4.5, 928, 0
0.02,3.62,4.5, 35, 0
0.02,3.94,4.5, 66, 0
0.02,3.82,4.5, 103, 0
0.02,3.6,4.5, 27, 0
0.02,3.88,4.5, 88, 0
0.02,3.84,4.5, 5244, 100
0.02,3.86,4.5, 59, 0
0.02,3.98,4.5, 64, 0
0.02,4.18,4.5, 297, 0
0.02,4.26,4.5, 17, 0
0.02,4.08,4.5, 121, 0
0.02,3.76,4.5, 21, 0
0.02,4.16,4.5, 83, 0
0.02,4.12,4.5, 16, 0
0.02,3.92,4.5, 523, 0
0.02,4.2,4.5, 15, 0
0.02,4.06,4.5, 29, 0
0.02,3.72,4.5, 1264, 0
0.02,4.12,4.5, 733, 0
0.02,4.14,4.5, 1374, 0
0.02,4.06,4.5, 44, 0
0.02,3.5,4.5, 19, 0
0.02,4.12,4.5, 38, 0
0.02,3.82,4.5, 391, 0
0.02,4.16,4.5, 1, 0
0.02,3.88,4.5, 396, 0
0.02,3.76,4.5, 186, 0
0.02,3.8,4.5, 184, 0
0.02,4.06,4.5, 1, 0
0.02,3.78,4.5, 57, 0
0.02,4.12,4.5, 145, 0
0.02,3.62,4.5, 74, 0
0.02,4.14,4.5, 167, 0
0.02,4.1,4.5, 3438, 100
0.02,4.04,4.5, 228, 0
0.02,3.54,4.5, 102, 0
0.02,3.56,4.5, 114, 0
0.02,3.96,4.5, 2540, 0
0.02,4.0,4.5, 222, 0
0.02,3.92,4.5, 31, 0
0.02,4.06,4.5, 63, 0
0.02,3.9,4.5, 79, 0
0.02,4.06,4.5, 27, 0
0.02,4.0,4.5, 538, 0
0.02,3.96,4.5, 13, 0
0.02,3.66,4.5, 6096, 0
0.02,3.94,4.5, 2, 0
0.02,3.92,4.5, 858, 0
0.02,4.02,4.5, 27, 0
0.02,3.92,4.5, 686, 0
0.02,3.9,4.5, 485, 0
0.02,4.14,4.5, 38, 0
0.02,4.02,4.5, 20, 0
0.02,3.74,4.5, 291, 0
0.02,3.82,4.5, 68, 0
0.02,4.04,4.5, 263, 0
0.02,3.7,4.5, 6, 0
0.02,3.9,4.5, 2192, 0
0.02,3.92,4.5, 85, 0
0.02,4.02,4.5, 27, 0
0.02,3.9,4.5, 456, 0
0.02,4.2,4.5, 52, 0
0.02,4.14,4.5, 41, 0
0.02,3.92,4.5, 282, 0
0.02,4.14,4.5, 37, 0
0.02,4.32,4.5, 135, 0
0.02,4.04,4.5, 55, 0
0.02,3.88,4.5, 4219, 0
0.02,4.04,4.5, 372, 0
0.02,4.0,4.5, 102, 0
0.02,4.16,4.5, 173, 0
0.02,3.74,4.5, 58, 0
0.02,4.08,4.5, 4070, 0
0.02,4.0,4.5, 182, 0
0.02,3.7,4.5, 322, 0
0.02,3.98,4.5, 82, 0
0.02,4.08,4.5, 8, 0
0.02,3.72,4.5, 179, 0
0.02,3.92,4.5, 62, 0
0.02,4.06,4.5, 132, 0
0.02,4.2,4.5, 163, 0
0.02,3.8,4.5, 5, 0
0.02,4.06,4.5, 88, 0
0.02,3.8,4.5, 165, 0
0.02,3.98,4.5, 71, 0
0.02,3.56,4.5, 67, 0
0.02,3.98,4.5, 6, 0
0.02,3.88,4.5, 49, 0
0.02,3.96,4.5, 1585, 0
0.02,3.78,4.5, 15, 0
0.02,4.0,4.5, 13, 0
0.02,3.94,4.5, 1131, 0
0.02,3.76,4.5, 18, 0
0.02,4.34,4.5, 692, 0
0.02,3.94,4.5, 45, 0
0.02,4.14,4.5, 794, 0
0.02,3.96,4.5, 384, 0
0.02,4.0,4.5, 57, 0
0.02,3.76,4.5, 15, 0
0.02,3.8,4.5, 35, 0
0.02,3.66,4.5, 98, 0
0.02,3.82,4.5, 307, 0
0.02,3.72,4.5, 67, 0
0.02,3.9,4.5, 151, 0
0.02,3.94,4.5, 24, 0
0.02,3.78,4.5, 1095, 0
0.02,3.74,4.5, 201, 0
0.02,3.38,4.5, 355, 0
0.02,4.1,4.5, 9, 0
0.02,3.92,4.5, 30, 0
0.02,3.94,4.5, 69, 0
0.02,4.02,4.5, 486, 0
0.02,3.96,4.5, 90, 0
0.02,4.08,4.5, 528, 0
0.02,3.9,4.5, 155, 0
0.02,4.1,4.5, 17, 0
0.02,3.78,4.5, 126, 0
0.02,3.9,4.5, 35, 0
0.02,3.72,4.5, 349, 0
0.02,3.86,4.5, 395, 0
0.02,3.9,4.5, 1229, 0
0.02,3.48,4.5, 1148, 0
0.02,4.14,4.5, 66, 0
0.02,3.86,4.5, 25, 0
0.02,4.12,4.5, 174, 0
0.02,3.84,4.5, 33, 0
0.02,4.18,4.5, 128, 0
0.02,4.34,4.5, 53, 0
0.02,4.1,4.5, 12, 0
0.02,3.96,4.5, 3329, 0
0.02,3.88,4.5, 167, 0
0.02,3.62,4.5, 122, 0
0.02,3.94,4.5, 13, 0
0.02,4.0,4.5, 3, 0
0.02,4.06,4.5, 529, 0
0.02,3.98,4.5, 71, 0
0.02,3.82,4.5, 1794, 0
0.02,3.5,4.5, 101, 0
0.02,3.96,4.5, 8204, 100
0.02,3.98,4.5, 367, 0
0.02,3.8,4.5, 4667, 100
0.02,4.26,4.5, 818, 0
0.02,3.96,4.5, 13, 0
0.02,3.74,4.5, 172, 0
0.02,4.1,4.5, 102, 0
0.02,4.08,4.5, 24, 0
0.02,4.12,4.5, 171, 0
0.02,3.7,4.5, 680, 0
0.02,4.24,4.5, 11, 0
0.02,3.88,4.5, 179, 0
0.02,4.06,4.5, 4473, 0
0.02,3.98,4.5, 284, 0
0.02,4.1,4.5, 7168, 100
0.02,3.86,4.5, 124, 0
0.02,4.0,4.5, 238, 0
0.02,3.58,4.5, 11, 0
0.02,3.98,4.5, 203, 0
0.02,4.4,4.5, 199, 0
0.02,3.62,4.5, 401, 0
0.02,4.04,4.5, 822, 0
0.02,4.18,4.5, 8, 0
0.02,3.78,4.5, 96, 0
0.02,4.26,4.5, 67, 0
0.02,3.94,4.5, 190, 0
0.02,4.12,4.5, 391, 0
0.02,3.84,4.5, 214, 0
0.02,3.78,4.5, 166, 0
0.02,4.08,4.5, 8824, 100
0.02,3.8,4.5, 64, 0
0.02,3.7,4.5, 115, 0
0.02,3.86,4.5, 424, 0
0.02,4.08,4.5, 16, 0
0.02,4.02,4.5, 41, 0
0.02,3.58,4.5, 262, 0
0.02,3.78,4.5, 226, 0
0.02,4.06,4.5, 1024, 0
0.02,3.7,4.5, 95, 0
0.02,3.78,4.5, 45, 0
0.02,3.78,4.5, 20, 0
0.02,3.76,4.5, 6076, 100
0.02,3.96,4.5, 143, 0
0.02,3.84,4.5, 4191, 100
0.02,4.16,4.5, 38, 0
0.02,3.96,4.5, 1740, 0
0.02,3.86,4.5, 303, 0
0.02,4.22,4.5, 122, 0
0.02,4.08,4.5, 11, 0
0.02,3.72,4.5, 3290, 0
0.02,3.92,4.5, 342, 0
0.02,4.04,4.5, 35, 0
0.02,3.78,4.5, 10, 0
0.02,4.08,4.5, 1311, 0
0.02,3.7,4.5, 3, 0
0.02,3.78,4.5, 44, 0
0.02,4.1,4.5, 291, 0
0.02,3.8,4.5, 2448, 0
0.02,4.12,4.5, 3491, 0
0.02,3.96,4.5, 33, 0
0.02,3.74,4.5, 86, 0
0.02,4.04,4.5, 70, 0
0.02,3.74,4.5, 29, 0
0.02,4.02,4.5, 69, 0
0.02,4.02,4.5, 122, 0
0.02,4.04,4.5, 68, 0
0.02,4.08,4.5, 21, 0
0.02,4.12,4.5, 276, 0
0.02,4.3,4.5, 63, 0
0.02,3.94,4.5, 42, 0
0.02,3.98,4.5, 63, 0
0.02,3.74,4.5, 44, 0
0.02,4.22,4.5, 1085, 0
0.02,3.68,4.5, 80, 0
0.02,3.94,4.5, 97, 0
0.02,4.06,4.5, 55, 0
0.02,4.22,4.5, 107, 0
0.02,4.18,4.5, 25, 0
0.02,3.94,4.5, 2280, 0
0.02,4.04,4.5, 156, 0
0.02,3.9,4.5, 2595, 0
0.02,3.82,4.5, 107, 0
0.02,3.94,4.5, 24, 0
0.02,3.84,4.5, 2844, 0
0.02,3.94,4.5, 146, 0
0.02,4.18,4.5, 84, 0
0.02,4.02,4.5, 65, 0
0.02,4.0,4.5, 118, 0
0.02,4.06,4.5, 31, 0
0.02,3.54,4.5, 8140, 100
0.02,3.96,4.5, 50, 0
0.02,3.92,4.5, 78, 0
0.02,4.18,4.5, 47, 0
0.02,3.68,4.5, 331, 0
0.02,3.74,4.5, 39, 0
0.02,4.3,4.5, 34, 0
0.02,4.12,4.5, 5361, 0
0.02,3.64,4.5, 7005, 100
0.02,3.68,4.5, 1489, 0
0.02,3.84,4.5, 912, 0
0.02,3.98,4.5, 627, 0
0.02,3.86,4.5, 495, 0
0.02,3.68,4.5, 41, 0
0.02,3.9,4.5, 1954, 0
0.02,3.94,4.5, 769, 0
0.02,3.64,4.5, 6778, 100
0.02,3.4,4.5, 498, 0
0.02,4.28,4.5, 48, 0
0.02,4.06,4.5, 9, 0
0.02,3.82,4.5, 36, 0
0.02,3.92,4.5, 124, 0
0.02,3.92,4.5, 180, 0
0.02,3.84,4.5, 76, 0
0.02,3.62,4.5, 150, 0
0.02,4.02,4.5, 139, 0
0.02,4.44,4.5, 883, 0
0.02,3.8,4.5, 15717, 100
0.02,4.28,4.5, 665, 0
0.02,3.54,4.5, 11, 0
0.02,3.88,4.5, 28, 0
0.02,3.62,4.5, 18, 0
0.02,4.04,4.5, 762, 0
0.02,4.14,4.5, 288, 0
0.02,3.68,4.5, 72, 0
0.02,4.18,4.5, 81, 0
0.02,4.08,4.5, 241, 0
0.02,3.94,4.5, 3, 0
0.02,4.36,4.5, 124, 0
0.02,3.74,4.5, 1051, 0
0.02,3.92,4.5, 43, 0
0.02,3.6,4.5, 4, 0
0.02,4.14,4.5, 6042, 100
0.02,3.88,4.5, 4433, 0
0.02,4.0,4.5, 376, 0
0.02,4.48,4.5, 91, 0
0.02,3.8,4.5, 55, 0
0.02,3.6,4.5, 525, 0
0.02,4.16,4.5, 393, 0
0.02,3.92,4.5, 260, 0
0.02,4.1,4.5, 109, 0
0.02,3.92,4.5, 75, 0
0.02,4.2,4.5, 48, 0
0.02,3.74,4.5, 129, 0
0.02,3.74,4.5, 28, 0
0.02,4.12,4.5, 90, 0
0.02,3.84,4.5, 40, 0
0.02,4.04,4.5, 329, 0
0.02,3.9,4.5, 8, 0
0.02,3.76,4.5, 3, 0
0.02,3.68,4.5, 225, 0
0.02,4.08,4.5, 97, 0
0.02,3.7,4.5, 7, 0
0.02,3.86,4.5, 998, 0
0.02,4.08,4.5, 364, 0
0.02,3.82,4.5, 42, 0
0.02,3.88,4.5, 144, 0
0.02,4.12,4.5, 40, 0
