p, k, b/c, n, result
0.02,4.0,5.0, 21, 0
0.02,3.86,5.0, 5719, 0
0.02,3.62,5.0, 289, 0
0.02,4.06,5.0, 53, 0
0.02,4.14,5.0, 172, 0
0.02,3.94,5.0, 102, 0
0.02,3.7,5.0, 73, 0
0.02,3.88,5.0, 54, 0
0.02,3.94,5.0, 1445, 0
0.02,3.92,5.0, 89, 0
0.02,3.86,5.0, 125, 0
0.02,3.96,5.0, 53, 0
0.02,3.7,5.0, 23, 0
0.02,4.14,5.0, 202, 0
0.02,3.6,5.0, 3938, 0
0.02,4.02,5.0, 134, 0
0.02,3.86,5.0, 131, 0
0.02,3.96,5.0, 118, 0
0.02,3.82,5.0, 90, 0
0.02,4.2,5.0, 546, 0
0.02,3.72,5.0, 21, 0
0.02,3.96,5.0, 36, 0
0.02,4.04,5.0, 262, 0
0.02,4.02,5.0, 287, 0
0.02,3.76,5.0, 84, 0
0.02,3.74,5.0, 80, 0
0.02,4.24,5.0, 311, 0
0.02,4.12,5.0, 57, 0
0.02,3.7,5.0, 103, 0
0.02,3.72,5.0, 196, 0
0.02,3.8,5.0, 1288, 0
0.02,3.8,5.0, 1, 0
0.02,3.86,5.0, 94, 0
0.02,3.9,5.0, 1392, 0
0.02,4.32,5.0, 229, 0
0.02,4.3,5.0, 12, 0
0.02,4.16,5.0, 2549, 0
0.02,4.04,5.0, 2059, 0
0.02,3.48,5.0, 115, 0
0.02,3.98,5.0, 21, 0
0.02,4.06,5.0, 30, 0
0.02,4.04,5.0, 29, 0
0.02,4.0,5.0, 266, 0
0.02,4.28,5.0, 103, 0
0.02,3.82,5.0, 11, 0
0.02,4.16,5.0, 11865, 100
0.02,3.94,5.0, 10, 0
0.02,4.12,5.0, 36, 0
0.02,4.28,5.0, 39, 0
0.02,3.82,5.0, 26, 0
0.02,3.92,5.0, 74, 0
0.02,3.6,5.0, 136, 0
0.02,3.78,5.0, 239, 0
0.02,3.74,5.0, 53, 0
0.02,3.58,5.0, 3173, 0
0.02,4.38,5.0, 15, 0
0.02,4.26,5.0, 40, 0
0.02,3.92,5.0, 8, 0
0.02,3.98,5.0, 84, 0
0.02,4.0,5.0, 82, 0
0.02,3.9,5.0, 10, 0
0.02,3.94,5.0, 51, 0
0.02,3.7,5.0, 547, 0
0.02,3.94,5.0, 12, 0
0.02,4.04,5.0, 304, 0
0.02,3.68,5.0, 385, 0
0.02,3.8,5.0, 256, 0
0.02,4.02,5.0, 231, 0
0.02,3.94,5.0, 716, 0
0.02,4.08,5.0, 77, 0
0.02,4.22,5.0, 85, 0
0.02,4.04,5.0, 20, 0
0.02,4.24,5.0, 66, 0
0.02,3.98,5.0, 644, 0
0.02,3.92,5.0, 81, 0
0.02,3.64,5.0, 182, 0
0.02,3.76,5.0, 733, 0
0.02,3.7,5.0, 120, 0
0.02,3.78,5.0, 24, 0
0.02,3.9,5.0, 70, 0
0.02,4.1,5.0, 288, 0
0.02,3.9,5.0, 135, 0
0.02,3.94,5.0, 92, 0
0.02,3.88,5.0, 644, 0
0.02,4.16,5.0, 49, 0
0.02,4.02,5.0, 35, 0
0.02,3.92,5.0, 10, 0
0.02,4.14,5.0, 81, 0
0.02,3.66,5.0, 542, 0
0.02,3.74,5.0, 123, 0
0.02,3.74,5.0, 22625, 100
0.02,3.78,5.0, 40, 0
0.02,4.4,5.0, 4, 0
0.02,3.84,5.0, 933, 0
0.02,4.2,5.0, 9, 0
0.02,3.84,5.0, 3, 0
0.02,4.28,5.0, 121, 0
0.02,3.7,5.0, 96, 0
0.02,4.02,5.0, 14976, 0
0.02,3.9,5.0, 351, 0
0.02,3.92,5.0, 851, 0
0.02,3.9,5.0, 52, 0
0.02,3.68,5.0, 62, 0
0.02,3.88,5.0, 150, 0
0.02,3.88,5.0, 371, 0
0.02,4.14,5.0, 29, 0
0.02,3.98,5.0, 131, 0
0.02,3.64,5.0, 1007, 0
0.02,3.92,5.0, 54, 0
0.02,3.66,5.0, 29, 0
0.02,3.9,5.0, 16, 0
0.02,3.98,5.0, 65, 0
0.02,4.2,5.0, 39, 0
0.02,3.72,5.0, 345, 0
0.02,3.68,5.0, 3811, 0
0.02,4.22,5.0, 547, 0
0.02,4.08,5.0, 53, 0
0.02,3.86,5.0, 19, 0
0.02,4.06,5.0, 126, 0
0.02,4.16,5.0, 13, 0
0.02,3.96,5.0, 1, 0
0.02,3.88,5.0, 247, 0
0.02,3.8,5.0, 161, 0
0.02,3.74,5.0, 90, 0
0.02,4.14,5.0, 1903, 0
0.02,3.7,5.0, 487, 0
0.02,4.0,5.0, 20, 0
0.02,3.92,5.0, 28, 0
0.02,4.52,5.0, 56, 0
0.02,3.82,5.0, 2571, 0
0.02,3.66,5.0, 89, 0
0.02,3.86,5.0, 42, 0
0.02,3.82,5.0, 1868, 0
0.02,4.18,5.0, 262, 0
0.02,3.96,5.0, 97, 0
0.02,4.0,5.0, 324, 0
0.02,3.72,5.0, 1223, 0
0.02,3.8,5.0, 140, 0
0.02,4.06,5.0, 719, 0
0.02,3.88,5.0, 65, 0
0.02,3.7,5.0, 304, 0
0.02,3.96,5.0, 265, 0
0.02,3.8,5.0, 44, 0
0.02,4.12,5.0, 260, 0
0.02,3.94,5.0, 62, 0
0.02,4.16,5.0, 32, 0
0.02,4.1,5.0, 13, 0
0.02,3.82,5.0, 1403, 0
0.02,4.08,5.0, 95, 0
0.02,3.9,5.0, 330, 0
0.02,4.02,5.0, 430, 0
0.02,3.94,5.0, 3, 0
0.02,4.0,5.0, 296, 0
0.02,3.94,5.0, 53, 0
0.02,4.3,5.0, 142, 0
0.02,3.66,5.0, 10, 0
0.02,3.88,5.0, 3, 0
0.02,4.0,5.0, 4, 0
0.02,4.02,5.0, 2965, 0
0.02,3.72,5.0, 11, 0
0.02,4.02,5.0, 18, 0
0.02,3.74,5.0, 78, 0
0.02,3.96,5.0, 154, 0
0.02,4.22,5.0, 36, 0
0.02,3.82,5.0, 365, 0
0.02,3.68,5.0, 1711, 0
0.02,4.06,5.0, 53, 0
0.02,3.74,5.0, 786, 0
0.02,3.96,5.0, 98, 0
0.02,3.56,5.0, 152, 0
0.02,3.54,5.0, 69, 0
0.02,3.9,5.0, 236, 0
0.02,3.82,5.0, 87, 0
0.02,3.78,5.0, 131, 0
0.02,4.04,5.0, 358, 0
0.02,4.02,5.0, 118, 0
0.02,3.88,5.0, 7, 0
0.02,3.84,5.0, 6, 0
0.02,3.98,5.0, 17, 0
0.02,3.68,5.0, 13, 0
0.02,4.24,5.0, 3839, 0
0.02,3.64,5.0, 149, 0
0.02,3.88,5.0, 12, 0
0.02,3.74,5.0, 212, 0
0.02,3.7,5.0, 190, 0
0.02,4.26,5.0, 103, 0
0.02,4.12,5.0, 90, 0
0.02,4.18,5.0, 71, 0
0.02,4.08,5.0, 62, 0
0.02,4.16,5.0, 63, 0
0.02,3.66,5.0, 64, 0
0.02,3.68,5.0, 65, 0
0.02,3.78,5.0, 242, 0
0.02,3.74,5.0, 44, 0
0.02,3.72,5.0, 30, 0
0.02,4.1,5.0, 13, 0
0.02,3.92,5.0, 61, 0
0.02,3.88,5.0, 4, 0
0.02,4.2,5.0, 17, 0
0.02,3.98,5.0, 3, 0
0.02,4.2,5.0, 33, 0
0.02,3.88,5.0, 261, 0
0.02,4.16,5.0, 68, 0
0.02,4.1,5.0, 28, 0
0.02,3.82,5.0, 251, 0
0.02,3.9,5.0, 768, 0
0.02,4.22,5.0, 32, 0
0.02,4.08,5.0, 15, 0
0.02,3.76,5.0, 365, 0
0.02,4.02,5.0, 6, 0
0.02,3.92,5.0, 32, 0
0.02,4.08,5.0, 126, 0
0.02,3.82,5.0, 52, 0
0.02,3.88,5.0, 18, 0
0.02,4.12,5.0, 250, 0
0.02,3.6,5.0, 141, 0
0.02,4.1,5.0, 912, 0
0.02,3.36,5.0, 1630, 0
0.02,3.98,5.0, 146, 0
0.02,4.06,5.0, 114, 0
0.02,4.14,5.0, 24, 0
0.02,4.26,5.0, 11, 0
0.02,3.92,5.0, 468, 0
0.02,4.14,5.0, 3083, 100
0.02,3.62,5.0, 1114, 0
0.02,3.64,5.0, 2701, 0
0.02,3.88,5.0, 28, 0
0.02,3.76,5.0, 506, 0
0.02,4.26,5.0, 754, 0
0.02,3.84,5.0, 230, 0
0.02,3.88,5.0, 469, 0
0.02,4.02,5.0, 192, 0
0.02,3.58,5.0, 4, 0
0.02,3.86,5.0, 57, 0
0.02,4.04,5.0, 71, 0
0.02,3.98,5.0, 55, 0
0.02,3.9,5.0, 7716, 0
0.02,4.02,5.0, 27, 0
0.02,4.14,5.0, 37, 0
0.02,4.16,5.0, 6, 0
0.02,3.8,5.0, 85, 0
0.02,3.86,5.0, 42, 0
0.02,4.12,5.0, 5, 0
0.02,3.84,5.0, 1572, 0
0.02,3.8,5.0, 347, 0
0.02,3.9,5.0, 676, 0
0.02,3.88,5.0, 3, 0
0.02,3.98,5.0, 192, 0
0.02,4.02,5.0, 225, 0
0.02,3.98,5.0, 1371, 0
0.02,3.84,5.0, 62, 0
0.02,4.06,5.0, 435, 0
0.02,4.04,5.0, 600, 0
0.02,4.14,5.0, 34, 0
0.02,3.92,5.0, 91, 0
0.02,3.58,5.0, 124, 0
0.02,3.8,5.0, 1041, 0
0.02,4.02,5.0, 10, 0
0.02,3.8,5.0, 240, 0
0.02,3.9,5.0, 1, 0
0.02,3.78,5.0, 94, 0
0.02,3.82,5.0, 273, 0
0.02,3.9,5.0, 9, 0
0.02,3.96,5.0, 46, 0
0.02,3.78,5.0, 197, 0
0.02,3.76,5.0, 111, 0
0.02,3.66,5.0, 622, 0
0.02,4.08,5.0, 8469, 0
0.02,3.7,5.0, 23, 0
0.02,3.7,5.0, 149, 0
0.02,3.98,5.0, 115, 0
0.02,3.98,5.0, 55, 0
0.02,4.0,5.0, 680, 0
0.02,3.78,5.0, 651, 0
0.02,3.86,5.0, 174, 0
0.02,4.18,5.0, 1083, 0
0.02,3.78,5.0, 454, 0
0.02,3.94,5.0, 79, 0
0.02,3.98,5.0, 15, 0
0.02,3.68,5.0, 182, 0
0.02,3.86,5.0, 161, 0
0.02,4.16,5.0, 218, 0
0.02,3.78,5.0, 288, 0
0.02,4.02,5.0, 123, 0
0.02,3.8,5.0, 15, 0
0.02,3.94,5.0, 9, 0
0.02,3.7,5.0, 76, 0
0.02,3.68,5.0, 8, 0
0.02,4.18,5.0, 4, 0
0.02,3.62,5.0, 480, 0
0.02,3.76,5.0, 64, 0
0.02,3.94,5.0, 44, 0
0.02,4.1,5.0, 78, 0
0.02,4.12,5.0, 46, 0
0.02,4.18,5.0, 119, 0
0.02,3.62,5.0, 73, 0
0.02,4.18,5.0, 43, 0
0.02,4.02,5.0, 236, 0
0.02,3.86,5.0, 98, 0
0.02,3.98,5.0, 282, 0
0.02,3.54,5.0, 174, 0
0.02,4.0,5.0, 31, 0
0.02,3.4,5.0, 172, 0
0.02,4.0,5.0, 85, 0
0.02,3.64,5.0, 142, 0
0.02,3.82,5.0, 24, 0
0.02,3.94,5.0, 418, 0
0.02,3.86,5.0, 74, 0
0.02,4.16,5.0, 141, 0
0.02,3.74,5.0, 245, 0
0.02,3.98,5.0, 1005, 0
0.02,3.8,5.0, 8, 0
0.02,3.7,5.0, 5, 0
0.02,4.0,5.0, 41, 0
0.02,3.88,5.0, 64, 0
0.02,4.08,5.0, 11, 0
0.02,3.9,5.0, 817, 0
0.02,3.8,5.0, 55, 0
0.02,3.6,5.0, 89, 0
0.02,3.92,5.0, 35, 0
0.02,3.9,5.0, 98, 0
0.02,4.2,5.0, 369, 0
0.02,3.82,5.0, 61, 0
0.02,3.88,5.0, 63, 0
0.02,4.14,5.0, 115, 0
0.02,3.86,5.0, 66, 0
0.02,3.6,5.0, 157, 0
0.02,3.56,5.0, 193, 0
0.02,4.22,5.0, 140, 0
0.02,3.56,5.0, 47, 0
0.02,4.16,5.0, 6, 0
0.02,3.8,5.0, 24, 0
0.02,4.0,5.0, 321, 0
0.02,4.1,5.0, 233, 0
0.02,3.98,5.0, 57, 0
0.02,4.16,5.0, 303, 0
0.02,4.12,5.0, 10, 0
0.02,3.88,5.0, 318, 0
0.02,3.8,5.0, 17, 0
0.02,4.04,5.0, 34, 0
0.02,3.86,5.0, 215, 0
0.02,3.9,5.0, 1383, 0
0.02,3.94,5.0, 135, 0
0.02,3.82,5.0, 548, 0
0.02,4.02,5.0, 1, 0
0.02,4.18,5.0, 1375, 0
0.02,4.08,5.0, 35, 0
0.02,3.68,5.0, 2, 0
0.02,3.74,5.0, 51, 0
0.02,3.96,5.0, 43, 0
0.02,3.64,5.0, 75, 0
0.02,3.78,5.0, 138, 0
0.02,3.86,5.0, 21, 0
0.02,3.94,5.0, 9, 0
0.02,4.06,5.0, 5, 0
0.02,3.84,5.0, 809, 0
0.02,4.2,5.0, 171, 0
0.02,4.08,5.0, 219, 0
0.02,3.88,5.0, 361, 0
0.02,4.04,5.0, 42, 0
0.02,4.04,5.0, 68, 0
0.02,4.04,5.0, 24, 0
0.02,3.58,5.0, 157, 0
0.02,3.58,5.0, 8, 0
0.02,3.9,5.0, 93, 0
0.02,3.98,5.0, 38, 0
0.02,3.94,5.0, 3231, 0
0.02,4.02,5.0, 140, 0
0.02,4.16,5.0, 47, 0
0.02,3.98,5.0, 111, 0
0.02,3.7,5.0, 53, 0
0.02,4.04,5.0, 205, 0
0.02,3.76,5.0, 68, 0
0.02,3.94,5.0, 122, 0
0.02,3.94,5.0, 172, 0
0.02,3.88,5.0, 8124, 100
0.02,3.58,5.0, 182, 0
0.02,3.88,5.0, 293, 0
0.02,3.78,5.0, 494, 0
0.02,3.82,5.0, 4, 0
0.02,4.18,5.0, 397, 0
0.02,4.02,5.0, 299, 0
0.02,3.74,5.0, 35, 0
0.02,4.38,5.0, 131, 0
0.02,4.02,5.0, 50, 0
0.02,3.72,5.0, 426, 0
0.02,3.76,5.0, 590, 0
0.02,4.38,5.0, 31, 0
0.02,3.68,5.0, 125, 0
0.02,4.0,5.0, 22, 0
0.02,3.76,5.0, 104, 0
0.02,3.98,5.0, 23, 0
0.02,3.8,5.0, 429, 0
0.02,4.04,5.0, 202, 0
0.02,3.7,5.0, 130, 0
0.02,3.94,5.0, 276, 0
0.02,3.82,5.0, 27, 0
0.02,3.58,5.0, 99, 0
0.02,3.92,5.0, 35, 0
0.02,3.5,5.0, 161, 0
0.02,4.08,5.0, 34, 0
0.02,3.8,5.0, 28819, 0
0.02,3.8,5.0, 396, 0
0.02,3.9,5.0, 3, 0
0.02,3.8,5.0, 315, 0
0.02,4.04,5.0, 2, 0
0.02,3.74,5.0, 2712, 0
0.02,3.86,5.0, 457, 0
0.02,4.12,5.0, 550, 0
0.02,3.8,5.0, 22, 0
0.02,3.6,5.0, 382, 0
0.02,3.94,5.0, 70, 0
0.02,3.8,5.0, 128, 0
0.02,3.78,5.0, 102, 0
0.02,4.12,5.0, 246, 0
0.02,3.76,5.0, 211, 0
0.02,3.72,5.0, 70, 0
0.02,3.96,5.0, 194, 0
0.02,3.74,5.0, 105, 0
0.02,3.98,5.0, 226, 0
0.02,4.06,5.0, 101, 0
0.02,3.94,5.0, 2931, 0
0.02,3.84,5.0, 114, 0
0.02,4.0,5.0, 49, 0
0.02,4.16,5.0, 5, 0
0.02,3.96,5.0, 78, 0
0.02,3.94,5.0, 106, 0
0.02,3.52,5.0, 68, 0
0.02,3.98,5.0, 134, 0
0.02,3.76,5.0, 664, 0
0.02,3.76,5.0, 21, 0
0.02,4.14,5.0, 18964, 0
0.02,3.76,5.0, 10, 0
0.02,4.22,5.0, 141, 0
0.02,4.06,5.0, 40, 0
0.02,3.8,5.0, 26, 0
0.02,4.0,5.0, 1102, 0
0.02,3.94,5.0, 1, 0
0.02,3.68,5.0, 56, 0
0.02,3.68,5.0, 42, 0
0.02,3.74,5.0, 1432, 0
0.02,4.12,5.0, 671, 0
0.02,3.9,5.0, 648, 0
0.02,4.06,5.0, 13529, 0
0.02,3.9,5.0, 98, 0
0.02,3.96,5.0, 14, 0
0.02,3.84,5.0, 58, 0
0.02,4.12,5.0, 35, 0
0.02,3.86,5.0, 567, 0
0.02,3.56,5.0, 12, 0
0.02,4.0,5.0, 2053, 0
0.02,4.02,5.0, 151, 0
0.02,3.86,5.0, 871, 0
0.02,3.74,5.0, 124, 0
0.02,3.98,5.0, 33, 0
0.02,3.94,5.0, 206, 0
0.02,4.32,5.0, 17, 0
0.02,3.68,5.0, 24, 0
0.02,3.98,5.0, 85, 0
0.02,3.98,5.0, 2, 0
0.02,4.02,5.0, 4, 0
0.02,3.42,5.0, 706, 0
0.02,4.34,5.0, 1449, 0
0.02,4.06,5.0, 5, 0
0.02,3.82,5.0, 224, 0
0.02,4.18,5.0, 46, 0
0.02,4.14,5.0, 20, 0
0.02,3.94,5.0, 1, 0
0.02,3.92,5.0, 1326, 0
0.02,3.76,5.0, 27, 0
0.02,4.46,5.0, 99, 0
0.02,3.78,5.0, 3406, 0
0.02,4.26,5.0, 615, 0
0.02,3.62,5.0, 22, 0
0.02,3.78,5.0, 514, 0
0.02,3.58,5.0, 758, 0
0.02,4.08,5.0, 18, 0
0.02,4.18,5.0, 2328, 0
0.02,3.94,5.0, 89, 0
0.02,3.5,5.0, 173, 0
0.02,4.1,5.0, 14, 0
0.02,3.92,5.0, 145, 0
0.02,3.82,5.0, 37, 0
0.02,3.9,5.0, 95, 0
0.02,3.88,5.0, 1841, 0
0.02,3.9,5.0, 43, 0
0.02,4.3,5.0, 428, 0
0.02,3.84,5.0, 2147, 0
0.02,3.62,5.0, 17, 0
0.02,3.82,5.0, 50, 0
0.02,3.76,5.0, 227, 0
0.02,3.92,5.0, 133, 0
0.02,3.74,5.0, 127, 0
0.02,3.86,5.0, 106, 0
0.02,4.08,5.0, 159, 0
0.02,3.88,5.0, 29, 0
0.02,4.0,5.0, 26, 0
0.02,3.86,5.0, 1155, 0
0.02,4.02,5.0, 133, 0
0.02,3.82,5.0, 25, 0
0.02,3.78,5.0, 281, 0
0.02,4.2,5.0, 147, 0
0.02,3.82,5.0, 4941, 0
0.02,4.02,5.0, 187, 0
0.02,4.02,5.0, 13, 0
0.02,4.02,5.0, 7, 0
0.02,3.86,5.0, 22, 0
0.02,3.66,5.0, 856, 0
0.02,3.94,5.0, 52, 0
0.02,4.18,5.0, 447, 0
0.02,3.9,5.0, 1854, 0
0.02,3.82,5.0, 16, 0
0.02,3.96,5.0, 557, 0
0.02,4.22,5.0, 465, 0
0.02,3.76,5.0, 256, 0
0.02,3.98,5.0, 35, 0
0.02,4.12,5.0, 127, 0
0.02,3.92,5.0, 113, 0
0.02,3.62,5.0, 164, 0
0.02,4.0,5.0, 48, 0
0.02,3.72,5.0, 154, 0
0.02,3.86,5.0, 25, 0
0.02,4.24,5.0, 30, 0
0.02,3.92,5.0, 349, 0
0.02,3.8,5.0, 641, 0
0.02,3.68,5.0, 14, 0
0.02,4.12,5.0, 74, 0
0.02,4.1,5.0, 196, 0
0.02,3.94,5.0, 1381, 0
0.02,3.7,5.0, 156, 0
0.02,3.9,5.0, 67, 0
0.02,4.08,5.0, 188, 0
0.02,4.08,5.0, 94, 0
0.02,4.06,5.0, 364, 0
0.02,3.82,5.0, 43, 0
0.02,4.08,5.0, 201, 0
0.02,3.88,5.0, 167, 0
0.02,3.82,5.0, 49, 0
0.02,3.7,5.0, 206, 0
0.02,3.7,5.0, 323, 0
0.02,3.86,5.0, 36, 0
0.02,3.96,5.0, 244, 0
0.02,4.06,5.0, 51, 0
0.02,4.12,5.0, 87, 0
0.02,3.88,5.0, 44, 0
0.02,3.94,5.0, 10, 0
0.02,4.02,5.0, 33, 0
0.02,4.04,5.0, 205, 0
0.02,3.72,5.0, 69, 0
0.02,4.1,5.0, 1145, 0
0.02,3.9,5.0, 18, 0
0.02,3.78,5.0, 312, 0
0.02,4.22,5.0, 48, 0
0.02,3.68,5.0, 91, 0
0.02,4.0,5.0, 275, 0
0.02,3.94,5.0, 14, 0
0.02,4.1,5.0, 210, 0
0.02,3.84,5.0, 1761, 0
0.02,4.08,5.0, 26, 0
0.02,4.2,5.0, 102, 0
0.02,3.78,5.0, 93, 0
0.02,3.68,5.0, 397, 0
0.02,3.94,5.0, 25, 0
0.02,3.98,5.0, 169, 0
0.02,3.9,5.0, 1, 0
0.02,3.68,5.0, 67, 0
0.02,3.74,5.0, 217, 0
0.02,4.0,5.0, 2277, 100
0.02,3.88,5.0, 10, 0
0.02,3.98,5.0, 868, 0
0.02,3.82,5.0, 699, 0
0.02,3.66,5.0, 319, 0
0.02,3.86,5.0, 13, 0
0.02,3.86,5.0, 16, 0
0.02,3.54,5.0, 68, 0
0.02,3.72,5.0, 46, 0
0.02,3.96,5.0, 50, 0
0.02,3.98,5.0, 7, 0
0.02,3.84,5.0, 417, 0
0.02,3.84,5.0, 35, 0
0.02,3.96,5.0, 99, 0
0.02,4.02,5.0, 185, 0
0.02,3.56,5.0, 391, 0
0.02,3.86,5.0, 6684, 0
0.02,3.76,5.0, 308, 0
0.02,3.66,5.0, 18, 0
0.02,4.0,5.0, 17, 0
0.02,3.88,5.0, 7, 0
0.02,4.06,5.0, 92, 0
0.02,4.1,5.0, 102, 0
0.02,3.86,5.0, 151, 0
0.02,4.04,5.0, 306, 0
0.02,3.94,5.0, 711, 0
0.02,4.04,5.0, 26, 0
0.02,4.04,5.0, 99, 0
0.02,3.62,5.0, 632, 0
0.02,3.72,5.0, 2, 0
0.02,4.0,5.0, 2, 0
0.02,4.08,5.0, 202, 0
0.02,3.78,5.0, 27, 0
0.02,3.78,5.0, 723, 0
0.02,4.1,5.0, 4, 0
0.02,3.9,5.0, 101, 0
0.02,3.84,5.0, 61, 0
0.02,3.8,5.0, 824, 0
0.02,3.78,5.0, 346, 0
0.02,4.04,5.0, 71, 0
0.02,3.96,5.0, 417, 0
0.02,3.86,5.0, 13, 0
0.02,3.82,5.0, 908, 0
0.02,4.04,5.0, 48, 0
0.02,3.88,5.0, 94, 0
0.02,3.86,5.0, 93, 0
0.02,4.12,5.0, 28, 0
0.02,4.14,5.0, 76, 0
0.02,4.0,5.0, 160, 0
0.02,4.06,5.0, 45, 0
0.02,4.0,5.0, 17, 0
0.02,3.66,5.0, 2694, 0
0.02,3.7,5.0, 53, 0
0.02,4.02,5.0, 73, 0
0.02,4.1,5.0, 1537, 0
0.02,3.8,5.0, 55, 0
0.02,3.98,5.0, 8, 0
0.02,4.0,5.0, 22, 0
0.02,4.18,5.0, 296, 0
0.02,4.14,5.0, 6137, 0
0.02,4.04,5.0, 182, 0
0.02,3.86,5.0, 117, 0
0.02,3.58,5.0, 17, 0
0.02,4.04,5.0, 19, 0
0.02,3.64,5.0, 15, 0
0.02,3.66,5.0, 147, 0
0.02,4.06,5.0, 116, 0
0.02,4.26,5.0, 110, 0
0.02,3.88,5.0, 112, 0
0.02,4.08,5.0, 210, 0
0.02,3.98,5.0, 97, 0
0.02,3.6,5.0, 11, 0
0.02,3.84,5.0, 720, 0
0.02,3.96,5.0, 312, 0
0.02,4.2,5.0, 48, 0
0.02,4.24,5.0, 56, 0
0.02,3.94,5.0, 13, 0
0.02,3.84,5.0, 72, 0
0.02,3.82,5.0, 270, 0
0.02,4.16,5.0, 233, 0
0.02,4.02,5.0, 36, 0
0.02,3.96,5.0, 3, 0
0.02,4.12,5.0, 7, 0
0.02,4.06,5.0, 51, 0
0.02,3.9,5.0, 44, 0
0.02,3.88,5.0, 151, 0
0.02,3.92,5.0, 37, 0
0.02,3.94,5.0, 3050, 0
0.02,3.9,5.0, 42, 0
0.02,3.6,5.0, 47, 0
0.02,3.9,5.0, 8, 0
0.02,3.84,5.0, 220, 0
0.02,3.76,5.0, 191, 0
0.02,4.28,5.0, 3416, 0
0.02,3.62,5.0, 35, 0
0.02,3.86,5.0, 171, 0
0.02,4.06,5.0, 585, 0
0.02,3.98,5.0, 248, 0
0.02,3.94,5.0, 87, 0
0.02,3.76,5.0, 367, 0
0.02,3.72,5.0, 24, 0
0.02,4.08,5.0, 91, 0
0.02,3.88,5.0, 49, 0
0.02,3.92,5.0, 142, 0
0.02,3.84,5.0, 23, 0
0.02,3.86,5.0, 31, 0
0.02,3.62,5.0, 147, 0
0.02,3.66,5.0, 492, 0
0.02,3.88,5.0, 113, 0
0.02,4.1,5.0, 9, 0
0.02,3.8,5.0, 1406, 0
0.02,4.02,5.0, 20, 0
0.02,4.16,5.0, 68, 0
0.02,3.7,5.0, 93, 0
0.02,3.8,5.0, 406, 0
0.02,4.22,5.0, 40, 0
0.02,3.6,5.0, 252, 0
0.02,3.74,5.0, 53, 0
0.02,4.04,5.0, 1035, 0
0.02,3.98,5.0, 82, 0
0.02,3.92,5.0, 10, 0
0.02,3.92,5.0, 94, 0
0.02,4.36,5.0, 1210, 0
0.02,3.68,5.0, 58, 0
0.02,3.9,5.0, 45, 0
0.02,3.74,5.0, 105, 0
0.02,4.12,5.0, 36, 0
0.02,3.48,5.0, 16, 0
0.02,3.8,5.0, 20, 0
0.02,3.98,5.0, 132, 0
0.02,4.18,5.0, 637, 0
0.02,3.94,5.0, 11, 0
0.02,4.04,5.0, 48, 0
0.02,3.86,5.0, 204, 0
0.02,3.92,5.0, 3930, 0
0.02,3.82,5.0, 17, 0
0.02,3.96,5.0, 79, 0
0.02,3.8,5.0, 80, 0
0.02,3.88,5.0, 5914, 0
0.02,3.7,5.0, 602, 0
0.02,4.2,5.0, 49, 0
0.02,3.54,5.0, 2, 0
0.02,3.88,5.0, 53, 0
0.02,4.2,5.0, 2335, 0
0.02,4.18,5.0, 111, 0
0.02,3.76,5.0, 1340, 0
0.02,4.04,5.0, 9438, 100
0.02,3.84,5.0, 11, 0
0.02,3.94,5.0, 140, 0
0.02,3.92,5.0, 98, 0
0.02,3.84,5.0, 69, 0
0.02,3.38,5.0, 22, 0
0.02,4.0,5.0, 141, 0
0.02,3.9,5.0, 86, 0
0.02,3.72,5.0, 504, 0
0.02,4.02,5.0, 10, 0
0.02,4.02,5.0, 156, 0
0.02,4.14,5.0, 8, 0
0.02,4.08,5.0, 144, 0
0.02,3.94,5.0, 49, 0
0.02,3.88,5.0, 29, 0
0.02,3.84,5.0, 6, 0
0.02,3.74,5.0, 152, 0
0.02,4.24,5.0, 9, 0
0.02,3.82,5.0, 11, 0
0.02,4.18,5.0, 16, 0
0.02,3.6,5.0, 1469, 0
0.02,3.7,5.0, 33, 0
0.02,3.68,5.0, 34, 0
0.02,3.78,5.0, 242, 0
0.02,3.98,5.0, 102, 0
0.02,4.0,5.0, 272, 0
0.02,3.72,5.0, 194, 0
0.02,3.76,5.0, 334, 0
0.02,3.84,5.0, 48, 0
0.02,3.84,5.0, 6, 0
0.02,3.88,5.0, 163, 0
0.02,4.16,5.0, 64, 0
0.02,3.96,5.0, 20, 0
0.02,3.96,5.0, 49, 0
0.02,3.86,5.0, 8, 0
0.02,3.76,5.0, 29, 0
0.02,3.78,5.0, 283, 0
0.02,3.8,5.0, 165, 0
0.02,4.16,5.0, 36, 0
0.02,4.14,5.0, 56, 0
0.02,3.72,5.0, 1320, 0
0.02,4.38,5.0, 6447, 0
0.02,3.8,5.0, 114, 0
0.02,4.08,5.0, 25, 0
0.02,3.76,5.0, 23, 0
0.02,3.96,5.0, 240, 0
0.02,3.78,5.0, 1445, 0
0.02,4.04,5.0, 15, 0
0.02,3.94,5.0, 28, 0
0.02,4.0,5.0, 1, 0
0.02,3.8,5.0, 121, 0
0.02,4.24,5.0, 1430, 0
0.02,4.42,5.0, 2, 0
0.02,4.0,5.0, 366, 0
0.02,3.86,5.0, 507, 0
0.02,4.18,5.0, 1115, 0
0.02,4.0,5.0, 102, 0
0.02,4.02,5.0, 205, 0
0.02,4.04,5.0, 1112, 0
0.02,3.92,5.0, 74, 0
0.02,3.82,5.0, 14, 0
0.02,3.88,5.0, 30, 0
0.02,3.82,5.0, 225, 0
0.02,4.08,5.0, 365, 0
0.02,3.8,5.0, 172, 0
0.02,4.02,5.0, 14, 0
0.02,4.02,5.0, 73, 0
0.02,4.26,5.0, 408, 0
0.02,4.06,5.0, 4, 0
0.02,3.86,5.0, 575, 0
0.02,3.58,5.0, 806, 0
0.02,3.88,5.0, 18, 0
0.02,3.78,5.0, 22, 0
0.02,4.16,5.0, 63, 0
0.02,3.9,5.0, 609, 0
0.02,3.92,5.0, 455, 0
0.02,3.78,5.0, 107, 0
0.02,3.94,5.0, 6345, 0
0.02,3.88,5.0, 869, 0
0.02,3.94,5.0, 21, 0
0.02,3.88,5.0, 1446, 0
0.02,4.26,5.0, 147, 0
0.02,3.72,5.0, 99, 0
0.02,4.06,5.0, 49, 0
0.02,3.96,5.0, 79, 0
0.02,3.7,5.0, 876, 0
0.02,4.04,5.0, 71, 0
0.02,4.22,5.0, 647, 0
0.02,4.24,5.0, 621, 0
0.02,3.78,5.0, 1687, 0
0.02,4.08,5.0, 13, 0
0.02,3.72,5.0, 199, 0
0.02,3.76,5.0, 218, 0
0.02,3.52,5.0, 94, 0
0.02,3.7,5.0, 201, 0
0.02,4.36,5.0, 203, 0
0.02,4.12,5.0, 3610, 0
0.02,3.8,5.0, 1080, 0
0.02,3.9,5.0, 546, 0
0.02,3.98,5.0, 130, 0
0.02,4.02,5.0, 346, 0
0.02,4.2,5.0, 84, 0
0.02,3.82,5.0, 62, 0
0.02,4.2,5.0, 2512, 0
0.02,3.96,5.0, 26, 0
0.02,3.96,5.0, 13, 0
0.02,4.06,5.0, 1547, 0
0.02,3.6,5.0, 62, 0
0.02,4.1,5.0, 42, 0
0.02,3.92,5.0, 59, 0
0.02,4.64,5.0, 6, 0
0.02,3.84,5.0, 50, 0
0.02,3.96,5.0, 31, 0
0.02,4.06,5.0, 98, 0
0.02,4.0,5.0, 219, 0
0.02,4.1,5.0, 29, 0
0.02,3.68,5.0, 148, 0
0.02,4.1,5.0, 94, 0
0.02,3.72,5.0, 162, 0
0.02,3.74,5.0, 32, 0
0.02,3.98,5.0, 933, 0
0.02,4.12,5.0, 52, 0
0.02,3.82,5.0, 9, 0
0.02,3.8,5.0, 946, 0
0.02,3.82,5.0, 34, 0
0.02,4.22,5.0, 15, 0
0.02,4.2,5.0, 109, 0
0.02,3.58,5.0, 322, 0
0.02,3.7,5.0, 11, 0
0.02,4.16,5.0, 565, 0
0.02,3.84,5.0, 12, 0
0.02,4.14,5.0, 47, 0
0.02,3.72,5.0, 580, 0
0.02,3.74,5.0, 537, 0
0.02,3.68,5.0, 2, 0
0.02,3.7,5.0, 1839, 0
0.02,3.92,5.0, 97, 0
0.02,3.9,5.0, 2, 0
0.02,3.8,5.0, 464, 0
0.02,4.14,5.0, 1, 0
0.02,3.82,5.0, 385, 0
0.02,4.02,5.0, 203, 0
0.02,3.8,5.0, 324, 0
0.02,4.04,5.0, 133, 0
0.02,4.04,5.0, 27, 0
0.02,3.9,5.0, 3413, 0
0.02,4.18,5.0, 399, 0
0.02,3.92,5.0, 215, 0
0.02,3.62,5.0, 26, 0
0.02,3.48,5.0, 286, 0
0.02,3.8,5.0, 24, 0
0.02,3.72,5.0, 36, 0
0.02,3.88,5.0, 215, 0
0.02,4.02,5.0, 49, 0
0.02,3.78,5.0, 15, 0
0.02,3.92,5.0, 25, 0
0.02,3.82,5.0, 90, 0
0.02,4.26,5.0, 1, 0
0.02,4.06,5.0, 166, 0
0.02,3.98,5.0, 4487, 0
0.02,3.88,5.0, 20, 0
0.02,3.92,5.0, 1390, 0
0.02,3.88,5.0, 485, 0
0.02,4.02,5.0, 185, 0
0.02,4.12,5.0, 14, 0
0.02,3.74,5.0, 41, 0
0.02,3.66,5.0, 1, 0
0.02,3.6,5.0, 807, 0
0.02,3.92,5.0, 76, 0
0.02,4.02,5.0, 43, 0
0.02,3.72,5.0, 44, 0
0.02,4.42,5.0, 1651, 0
0.02,4.12,5.0, 1442, 0
0.02,4.04,5.0, 52, 0
0.02,3.26,5.0, 107, 0
0.02,3.9,5.0, 183, 0
0.02,4.0,5.0, 28, 0
0.02,4.22,5.0, 118, 0
0.02,4.02,5.0, 224, 0
0.02,4.08,5.0, 83, 0
0.02,3.86,5.0, 73, 0
0.02,4.26,5.0, 507, 0
0.02,3.98,5.0, 5, 0
0.02,3.94,5.0, 318, 0
0.02,4.28,5.0, 140, 0
0.02,4.14,5.0, 30, 0
0.02,3.86,5.0, 41, 0
0.02,3.88,5.0, 19, 0
0.02,3.92,5.0, 75, 0
0.02,4.1,5.0, 458, 0
0.02,4.12,5.0, 348, 0
0.02,4.04,5.0, 138, 0
0.02,4.0,5.0, 270, 0
0.02,3.7,5.0, 674, 0
0.02,3.72,5.0, 83, 0
0.02,4.16,5.0, 3, 0
0.02,3.78,5.0, 281, 0
0.02,3.7,5.0, 55, 0
0.02,3.78,5.0, 61, 0
0.02,3.7,5.0, 145, 0
0.02,4.22,5.0, 104, 0
0.02,4.34,5.0, 11, 0
0.02,3.98,5.0, 560, 0
0.02,4.2,5.0, 54, 0
0.02,4.04,5.0, 141, 0
0.02,4.06,5.0, 88, 0
0.02,4.4,5.0, 39, 0
0.02,3.88,5.0, 323, 0
0.02,3.7,5.0, 372, 0
0.02,3.84,5.0, 6, 0
0.02,3.62,5.0, 164, 0
0.02,4.2,5.0, 365, 0
0.02,3.98,5.0, 618, 0
0.02,4.18,5.0, 12, 0
0.02,3.94,5.0, 8, 0
0.02,3.86,5.0, 142, 0
0.02,3.56,5.0, 11, 0
0.02,3.76,5.0, 171, 0
0.02,3.76,5.0, 95, 0
0.02,4.42,5.0, 4, 0
0.02,4.08,5.0, 36, 0
0.02,3.82,5.0, 662, 0
0.02,3.76,5.0, 120, 0
0.02,3.78,5.0, 85, 0
0.02,4.16,5.0, 907, 0
0.02,3.92,5.0, 11, 0
0.02,3.76,5.0, 5, 0
0.02,3.72,5.0, 311, 0
0.02,3.96,5.0, 3, 0
0.02,3.66,5.0, 32, 0
0.02,3.88,5.0, 105, 0
0.02,3.58,5.0, 9, 0
0.02,3.88,5.0, 305, 0
0.02,4.0,5.0, 942, 0
0.02,3.96,5.0, 32, 0
0.02,3.98,5.0, 56, 0
0.02,3.76,5.0, 110, 0
0.02,3.94,5.0, 17, 0
0.02,4.06,5.0, 91, 0
0.02,4.0,5.0, 139, 0
0.02,3.86,5.0, 145, 0
0.02,3.6,5.0, 251, 0
0.02,4.26,5.0, 649, 0
0.02,3.86,5.0, 325, 0
0.02,3.88,5.0, 79, 0
0.02,4.28,5.0, 495, 0
0.02,4.04,5.0, 124, 0
0.02,3.8,5.0, 1373, 0
0.02,3.62,5.0, 276, 0
0.02,4.38,5.0, 1306, 0
0.02,3.64,5.0, 836, 0
0.02,4.02,5.0, 8, 0
0.02,3.98,5.0, 408, 0
0.02,3.88,5.0, 17809, 100
0.02,3.98,5.0, 3108, 0
0.02,3.7,5.0, 51, 0
0.02,4.08,5.0, 47, 0
0.02,3.84,5.0, 78, 0
0.02,3.64,5.0, 8, 0
0.02,3.48,5.0, 40, 0
0.02,4.02,5.0, 385, 0
0.02,3.72,5.0, 18, 0
0.02,4.3,5.0, 15, 0
0.02,3.9,5.0, 25, 0
0.02,3.9,5.0, 4951, 100
0.02,3.94,5.0, 33, 0
0.02,4.0,5.0, 227, 0
0.02,4.12,5.0, 37, 0
0.02,4.08,5.0, 15, 0
0.02,3.64,5.0, 145, 0
0.02,4.12,5.0, 929, 0
0.02,3.82,5.0, 85, 0
0.02,3.64,5.0, 407, 0
0.02,3.98,5.0, 92, 0
0.02,4.06,5.0, 542, 0
0.02,3.98,5.0, 92, 0
0.02,3.82,5.0, 125, 0
0.02,4.36,5.0, 257, 0
0.02,3.86,5.0, 88, 0
0.02,3.72,5.0, 39, 0
0.02,3.88,5.0, 500, 0
0.02,3.84,5.0, 535, 0
0.02,3.66,5.0, 2089, 0
0.02,3.94,5.0, 6226, 100
0.02,4.02,5.0, 58, 0
0.02,3.52,5.0, 1040, 0
0.02,4.08,5.0, 107, 0
