p, k, b/c, n, result
0.02,3.98,6.0, 222, 0
0.02,3.78,6.0, 7968, 100
0.02,4.02,6.0, 632, 0
0.02,3.98,6.0, 45, 0
0.02,4.1,6.0, 68, 0
0.02,4.24,6.0, 1936, 0
0.02,3.8,6.0, 13, 0
0.02,3.76,6.0, 10, 0
0.02,3.66,6.0, 448, 0
0.02,4.02,6.0, 154, 0
0.02,4.18,6.0, 53, 0
0.02,4.12,6.0, 12, 0
0.02,4.2,6.0, 9, 0
0.02,3.76,6.0, 418, 0
0.02,3.8,6.0, 66, 0
0.02,4.18,6.0, 27, 0
0.02,4.1,6.0, 43, 0
0.02,3.98,6.0, 30, 0
0.02,3.92,6.0, 1890, 0
0.02,3.62,6.0, 16, 0
0.02,4.32,6.0, 78, 0
0.02,3.8,6.0, 27, 0
0.02,4.04,6.0, 66, 0
0.02,3.88,6.0, 44, 0
0.02,4.16,6.0, 41, 0
0.02,3.64,6.0, 46, 0
0.02,3.74,6.0, 544, 0
0.02,3.7,6.0, 27, 0
0.02,3.78,6.0, 81, 0
0.02,3.8,6.0, 229, 0
0.02,3.98,6.0, 9328, 100
0.02,4.18,6.0, 22, 0
0.02,3.96,6.0, 2072, 0
0.02,4.26,6.0, 313, 0
0.02,3.78,6.0, 540, 0
0.02,3.88,6.0, 289, 0
0.02,4.0,6.0, 117, 0
0.02,4.2,6.0, 286, 0
0.02,3.78,6.0, 3220, 0
0.02,4.04,6.0, 15, 0
0.02,3.6,6.0, 247, 0
0.02,3.96,6.0, 41, 0
0.02,3.56,6.0, 2456, 0
0.02,4.28,6.0, 40, 0
0.02,4.0,6.0, 708, 0
0.02,4.12,6.0, 6, 0
0.02,3.8,6.0, 82, 0
0.02,3.64,6.0, 117, 0
0.02,3.94,6.0, 139, 0
0.02,3.94,6.0, 12, 0
0.02,3.78,6.0, 1232, 0
0.02,4.1,6.0, 113, 0
0.02,4.28,6.0, 260, 0
0.02,3.68,6.0, 76, 0
0.02,4.16,6.0, 211, 0
0.02,3.92,6.0, 31, 0
0.02,4.18,6.0, 18, 0
0.02,4.1,6.0, 21, 0
0.02,4.02,6.0, 4, 0
0.02,3.98,6.0, 194, 0
0.02,3.92,6.0, 389, 0
0.02,3.92,6.0, 19, 0
0.02,3.92,6.0, 296, 0
0.02,3.82,6.0, 26, 0
0.02,3.98,6.0, 20967, 100
0.02,3.94,6.0, 61, 0
0.02,3.76,6.0, 63, 0
0.02,4.16,6.0, 402, 0
0.02,4.02,6.0, 24, 0
0.02,4.14,6.0, 399, 0
0.02,4.12,6.0, 540, 0
0.02,4.36,6.0, 130, 0
0.02,3.9,6.0, 665, 0
0.02,4.04,6.0, 187, 0
0.02,4.06,6.0, 10, 0
0.02,4.04,6.0, 39, 0
0.02,3.88,6.0, 25, 0
0.02,3.96,6.0, 7, 0
0.02,4.06,6.0, 5597, 0
0.02,3.64,6.0, 15, 0
0.02,3.64,6.0, 18, 0
0.02,3.98,6.0, 949, 0
0.02,3.76,6.0, 6, 0
0.02,4.14,6.0, 15, 0
0.02,4.12,6.0, 116, 0
0.02,4.1,6.0, 37, 0
0.02,3.7,6.0, 1, 0
0.02,3.9,6.0, 712, 0
0.02,3.68,6.0, 66, 0
0.02,3.9,6.0, 1122, 0
0.02,4.16,6.0, 114, 0
0.02,3.94,6.0, 16, 0
0.02,3.86,6.0, 729, 0
0.02,3.76,6.0, 152, 0
0.02,4.3,6.0, 20, 0
0.02,4.12,6.0, 727, 0
0.02,4.2,6.0, 21, 0
0.02,3.76,6.0, 487, 0
0.02,3.86,6.0, 18, 0
0.02,4.34,6.0, 101, 0
0.02,4.04,6.0, 98, 0
0.02,3.76,6.0, 18248, 100
0.02,3.86,6.0, 108, 0
0.02,3.96,6.0, 23, 0
0.02,3.84,6.0, 360, 0
0.02,3.76,6.0, 338, 0
0.02,3.9,6.0, 669, 0
0.02,3.66,6.0, 4833, 0
0.02,3.9,6.0, 13, 0
0.02,3.98,6.0, 207, 0
0.02,3.7,6.0, 979, 0
0.02,3.64,6.0, 167, 0
0.02,3.9,6.0, 328, 0
0.02,3.94,6.0, 2203, 0
0.02,4.02,6.0, 161, 0
0.02,4.02,6.0, 3, 0
0.02,4.06,6.0, 35, 0
0.02,3.94,6.0, 2736, 0
0.02,3.84,6.0, 83, 0
0.02,3.64,6.0, 177, 0
0.02,3.94,6.0, 99, 0
0.02,4.34,6.0, 29, 0
0.02,3.64,6.0, 247, 0
0.02,4.16,6.0, 19, 0
0.02,4.28,6.0, 1371, 0
0.02,3.84,6.0, 7531, 100
0.02,4.18,6.0, 254, 0
0.02,3.9,6.0, 53, 0
0.02,4.14,6.0, 182, 0
0.02,4.12,6.0, 488, 0
0.02,3.7,6.0, 13232, 100
0.02,3.8,6.0, 54, 0
0.02,4.12,6.0, 191, 0
0.02,3.72,6.0, 72, 0
0.02,3.92,6.0, 10, 0
0.02,3.74,6.0, 167, 0
0.02,3.64,6.0, 278, 0
0.02,4.08,6.0, 556, 0
0.02,3.88,6.0, 28379, 100
0.02,3.84,6.0, 57, 0
0.02,4.26,6.0, 105, 0
0.02,4.3,6.0, 7, 0
0.02,3.72,6.0, 67, 0
0.02,3.84,6.0, 3, 0
0.02,4.08,6.0, 459, 0
0.02,3.96,6.0, 4045, 0
0.02,3.94,6.0, 232, 0
0.02,3.72,6.0, 86, 0
0.02,3.86,6.0, 212, 0
0.02,3.96,6.0, 6, 0
0.02,3.94,6.0, 46, 0
0.02,3.68,6.0, 11, 0
0.02,3.74,6.0, 10973, 0
0.02,3.68,6.0, 79, 0
0.02,4.02,6.0, 233, 0
0.02,3.88,6.0, 43, 0
0.02,3.9,6.0, 57, 0
0.02,4.04,6.0, 86, 0
0.02,3.74,6.0, 3, 0
0.02,4.08,6.0, 31, 0
0.02,4.04,6.0, 224, 0
0.02,3.8,6.0, 40, 0
0.02,3.86,6.0, 15, 0
0.02,4.26,6.0, 114, 0
0.02,3.9,6.0, 193, 0
0.02,4.02,6.0, 1003, 0
0.02,4.02,6.0, 511, 0
0.02,3.94,6.0, 14, 0
0.02,3.86,6.0, 177, 0
0.02,4.08,6.0, 454, 0
0.02,3.74,6.0, 8415, 100
0.02,3.96,6.0, 5, 0
0.02,3.98,6.0, 132, 0
0.02,3.82,6.0, 136, 0
0.02,3.8,6.0, 203, 0
0.02,3.92,6.0, 34, 0
0.02,3.64,6.0, 54, 0
0.02,4.26,6.0, 3808, 0
0.02,4.0,6.0, 20, 0
0.02,4.12,6.0, 283, 0
0.02,3.8,6.0, 39, 0
0.02,4.1,6.0, 2, 0
0.02,4.04,6.0, 9, 0
0.02,3.94,6.0, 577, 0
0.02,3.68,6.0, 142, 0
0.02,4.02,6.0, 38, 0
0.02,4.02,6.0, 663, 0
0.02,3.88,6.0, 56, 0
0.02,3.96,6.0, 16130, 100
0.02,3.94,6.0, 98, 0
0.02,4.12,6.0, 31, 0
0.02,3.58,6.0, 12, 0
0.02,4.04,6.0, 119, 0
0.02,4.32,6.0, 55, 0
0.02,3.88,6.0, 81, 0
0.02,3.96,6.0, 326, 0
0.02,3.86,6.0, 4, 0
0.02,3.84,6.0, 15, 0
0.02,3.98,6.0, 17, 0
0.02,4.0,6.0, 121, 0
0.02,3.68,6.0, 28, 0
0.02,4.1,6.0, 48, 0
0.02,3.66,6.0, 191, 0
0.02,3.84,6.0, 416, 0
0.02,3.68,6.0, 113, 0
0.02,3.76,6.0, 1434, 0
0.02,4.0,6.0, 229, 0
0.02,3.98,6.0, 21, 0
0.02,4.02,6.0, 221, 0
0.02,3.68,6.0, 53, 0
0.02,3.64,6.0, 37, 0
0.02,4.0,6.0, 81, 0
0.02,4.18,6.0, 219, 0
0.02,3.86,6.0, 2, 0
0.02,4.0,6.0, 5592, 0
0.02,4.4,6.0, 151, 0
0.02,4.04,6.0, 7, 0
0.02,3.78,6.0, 61, 0
0.02,4.32,6.0, 125, 0
0.02,3.96,6.0, 119, 0
0.02,3.76,6.0, 568, 0
0.02,4.1,6.0, 31, 0
0.02,4.02,6.0, 4, 0
0.02,4.0,6.0, 2204, 0
0.02,3.56,6.0, 3, 0
0.02,3.9,6.0, 14748, 100
0.02,3.86,6.0, 2179, 0
0.02,3.7,6.0, 6, 0
0.02,3.98,6.0, 96, 0
0.02,4.0,6.0, 230, 0
0.02,3.84,6.0, 119, 0
0.02,3.98,6.0, 600, 0
0.02,3.9,6.0, 59, 0
0.02,3.86,6.0, 6, 0
0.02,3.78,6.0, 54, 0
0.02,4.04,6.0, 64, 0
0.02,3.74,6.0, 49, 0
0.02,3.76,6.0, 3063, 100
0.02,4.1,6.0, 12, 0
0.02,3.7,6.0, 91, 0
0.02,4.1,6.0, 85, 0
0.02,3.8,6.0, 43, 0
0.02,3.92,6.0, 45, 0
0.02,3.78,6.0, 19, 0
0.02,3.88,6.0, 438, 0
0.02,4.28,6.0, 479, 0
0.02,3.9,6.0, 839, 0
0.02,4.08,6.0, 43, 0
0.02,3.84,6.0, 52, 0
0.02,3.92,6.0, 59, 0
0.02,3.7,6.0, 1171, 0
0.02,3.8,6.0, 1091, 0
0.02,3.88,6.0, 584, 0
0.02,3.84,6.0, 424, 0
0.02,4.1,6.0, 1093, 0
0.02,3.7,6.0, 6957, 100
0.02,4.06,6.0, 71, 0
0.02,3.72,6.0, 220, 0
0.02,3.82,6.0, 49, 0
0.02,4.12,6.0, 681, 0
0.02,3.88,6.0, 5, 0
0.02,4.14,6.0, 1094, 0
0.02,4.24,6.0, 39, 0
0.02,4.1,6.0, 127, 0
0.02,3.94,6.0, 60, 0
0.02,4.06,6.0, 43, 0
0.02,3.92,6.0, 250, 0
0.02,4.16,6.0, 67, 0
0.02,4.0,6.0, 424, 0
0.02,3.64,6.0, 316, 0
0.02,3.96,6.0, 6, 0
0.02,4.08,6.0, 90, 0
0.02,4.02,6.0, 52, 0
0.02,3.96,6.0, 408, 0
0.02,3.86,6.0, 294, 0
0.02,3.94,6.0, 108, 0
0.02,3.84,6.0, 120, 0
0.02,3.78,6.0, 77, 0
0.02,3.72,6.0, 96, 0
0.02,4.0,6.0, 13583, 0
0.02,3.84,6.0, 6054, 0
0.02,4.16,6.0, 833, 0
0.02,3.8,6.0, 104, 0
0.02,3.86,6.0, 226, 0
0.02,3.76,6.0, 4, 0
0.02,4.28,6.0, 529, 0
0.02,3.9,6.0, 64, 0
0.02,3.88,6.0, 6, 0
0.02,3.76,6.0, 331, 0
0.02,3.92,6.0, 41, 0
0.02,3.9,6.0, 62, 0
0.02,3.82,6.0, 587, 0
0.02,4.04,6.0, 52, 0
0.02,3.9,6.0, 442, 0
0.02,3.88,6.0, 137, 0
0.02,3.84,6.0, 25, 0
0.02,4.4,6.0, 3393, 0
0.02,4.16,6.0, 83, 0
0.02,3.54,6.0, 114, 0
0.02,4.0,6.0, 87, 0
0.02,3.64,6.0, 185, 0
0.02,4.14,6.0, 4, 0
0.02,3.84,6.0, 486, 0
0.02,3.86,6.0, 10, 0
0.02,3.88,6.0, 207, 0
0.02,3.84,6.0, 3389, 0
0.02,4.0,6.0, 433, 0
0.02,3.82,6.0, 17, 0
0.02,4.22,6.0, 43, 0
0.02,4.1,6.0, 10, 0
0.02,4.16,6.0, 23, 0
0.02,3.78,6.0, 1714, 0
0.02,3.8,6.0, 52, 0
0.02,3.82,6.0, 54, 0
0.02,4.06,6.0, 42, 0
0.02,3.94,6.0, 527, 0
0.02,4.14,6.0, 28, 0
0.02,4.0,6.0, 1040, 0
0.02,3.8,6.0, 16, 0
0.02,3.96,6.0, 46, 0
0.02,3.94,6.0, 5, 0
0.02,3.86,6.0, 267, 0
0.02,4.1,6.0, 201, 0
0.02,3.68,6.0, 4551, 0
0.02,4.1,6.0, 63, 0
0.02,3.96,6.0, 546, 0
0.02,3.74,6.0, 153, 0
0.02,3.7,6.0, 73, 0
0.02,3.78,6.0, 13, 0
0.02,3.84,6.0, 9, 0
0.02,3.68,6.0, 43, 0
0.02,3.92,6.0, 115, 0
0.02,3.9,6.0, 282, 0
0.02,3.94,6.0, 95, 0
0.02,4.06,6.0, 66, 0
0.02,3.74,6.0, 52, 0
0.02,3.72,6.0, 192, 0
0.02,3.42,6.0, 360, 0
0.02,3.84,6.0, 220, 0
0.02,4.34,6.0, 693, 0
0.02,3.98,6.0, 458, 0
0.02,3.66,6.0, 197, 0
0.02,3.84,6.0, 666, 0
0.02,3.82,6.0, 180, 0
0.02,3.82,6.0, 174, 0
0.02,4.0,6.0, 30, 0
0.02,3.48,6.0, 245, 0
0.02,3.88,6.0, 782, 0
0.02,4.24,6.0, 41, 0
0.02,4.0,6.0, 50, 0
0.02,3.7,6.0, 104, 0
0.02,4.08,6.0, 42, 0
0.02,3.84,6.0, 240, 0
0.02,4.04,6.0, 14, 0
0.02,4.2,6.0, 112, 0
0.02,3.38,6.0, 77, 0
0.02,3.82,6.0, 903, 0
0.02,3.98,6.0, 223, 0
0.02,4.12,6.0, 55, 0
0.02,4.0,6.0, 31, 0
0.02,3.92,6.0, 3612, 0
0.02,3.88,6.0, 27, 0
0.02,3.84,6.0, 12, 0
0.02,3.86,6.0, 39, 0
0.02,3.88,6.0, 1470, 0
0.02,4.06,6.0, 688, 0
0.02,3.52,6.0, 9194, 0
0.02,3.98,6.0, 24, 0
0.02,4.22,6.0, 3, 0
0.02,3.62,6.0, 916, 0
0.02,3.44,6.0, 251, 0
0.02,4.24,6.0, 255, 0
0.02,3.74,6.0, 206, 0
0.02,3.94,6.0, 252, 0
0.02,3.72,6.0, 11, 0
0.02,3.62,6.0, 126, 0
0.02,4.2,6.0, 14, 0
0.02,3.88,6.0, 3, 0
0.02,4.2,6.0, 973, 0
0.02,3.68,6.0, 7187, 0
0.02,3.7,6.0, 272, 0
0.02,4.14,6.0, 18, 0
0.02,4.24,6.0, 1485, 0
0.02,4.22,6.0, 21, 0
0.02,3.76,6.0, 462, 0
0.02,4.14,6.0, 29, 0
0.02,4.3,6.0, 33, 0
0.02,3.74,6.0, 1006, 0
0.02,3.92,6.0, 26, 0
0.02,3.88,6.0, 4, 0
0.02,3.88,6.0, 16, 0
0.02,4.0,6.0, 759, 0
0.02,3.42,6.0, 501, 0
0.02,3.74,6.0, 5, 0
0.02,3.76,6.0, 12, 0
0.02,3.96,6.0, 4056, 0
0.02,3.94,6.0, 186, 0
0.02,3.88,6.0, 2031, 0
0.02,4.1,6.0, 13, 0
0.02,4.24,6.0, 11, 0
0.02,4.04,6.0, 234, 0
0.02,3.78,6.0, 42, 0
0.02,3.88,6.0, 43, 0
0.02,3.82,6.0, 492, 0
0.02,3.86,6.0, 459, 0
0.02,3.82,6.0, 9, 0
0.02,3.76,6.0, 2486, 0
0.02,3.72,6.0, 4269, 0
0.02,3.8,6.0, 247, 0
0.02,3.6,6.0, 104, 0
0.02,3.82,6.0, 546, 0
0.02,3.98,6.0, 112, 0
0.02,3.84,6.0, 3579, 0
0.02,3.8,6.0, 1898, 0
0.02,3.84,6.0, 56, 0
0.02,4.06,6.0, 11, 0
0.02,3.68,6.0, 281, 0
0.02,4.1,6.0, 26, 0
0.02,3.9,6.0, 75, 0
0.02,3.92,6.0, 662, 0
0.02,3.58,6.0, 341, 0
0.02,3.9,6.0, 1131, 0
0.02,4.06,6.0, 252, 0
0.02,4.08,6.0, 86, 0
0.02,4.04,6.0, 130, 0
0.02,3.68,6.0, 19, 0
0.02,4.1,6.0, 227, 0
0.02,4.2,6.0, 215, 0
0.02,3.8,6.0, 6, 0
0.02,4.2,6.0, 262, 0
0.02,3.9,6.0, 14, 0
0.02,4.06,6.0, 142, 0
0.02,3.6,6.0, 18, 0
0.02,4.08,6.0, 1251, 0
0.02,4.14,6.0, 4765, 100
0.02,3.98,6.0, 31, 0
0.02,3.88,6.0, 419, 0
0.02,4.2,6.0, 56, 0
0.02,3.66,6.0, 5, 0
0.02,4.0,6.0, 66, 0
0.02,3.7,6.0, 41, 0
0.02,4.32,6.0, 499, 0
0.02,3.9,6.0, 107, 0
0.02,4.14,6.0, 307, 0
0.02,4.0,6.0, 122, 0
0.02,3.92,6.0, 30, 0
0.02,3.84,6.0, 226, 0
0.02,3.5,6.0, 244, 0
0.02,4.02,6.0, 89, 0
0.02,4.02,6.0, 72, 0
0.02,3.9,6.0, 130, 0
0.02,3.9,6.0, 19, 0
0.02,3.88,6.0, 200, 0
0.02,4.14,6.0, 208, 0
0.02,4.24,6.0, 147, 0
0.02,3.7,6.0, 74, 0
0.02,4.14,6.0, 148, 0
0.02,3.7,6.0, 20, 0
0.02,4.14,6.0, 119, 0
0.02,3.92,6.0, 51, 0
0.02,3.76,6.0, 355, 0
0.02,3.72,6.0, 405, 0
0.02,4.06,6.0, 15, 0
0.02,3.56,6.0, 5959, 100
0.02,3.74,6.0, 210, 0
0.02,3.66,6.0, 13, 0
0.02,4.0,6.0, 403, 0
0.02,3.7,6.0, 1244, 0
0.02,4.0,6.0, 91, 0
0.02,4.12,6.0, 209, 0
0.02,3.9,6.0, 608, 0
0.02,4.04,6.0, 980, 0
0.02,3.82,6.0, 71, 0
0.02,3.86,6.0, 142, 0
0.02,3.82,6.0, 21468, 0
0.02,3.94,6.0, 47, 0
0.02,3.96,6.0, 913, 0
0.02,3.74,6.0, 22, 0
0.02,3.82,6.0, 123, 0
0.02,3.7,6.0, 32, 0
0.02,3.92,6.0, 1478, 0
0.02,3.9,6.0, 6, 0
0.02,4.32,6.0, 22, 0
0.02,4.1,6.0, 203, 0
0.02,3.68,6.0, 281, 0
0.02,3.88,6.0, 378, 0
0.02,4.3,6.0, 292, 0
0.02,3.7,6.0, 778, 0
0.02,4.34,6.0, 33, 0
0.02,4.08,6.0, 95, 0
0.02,3.84,6.0, 4179, 0
0.02,3.9,6.0, 127, 0
0.02,3.8,6.0, 209, 0
0.02,3.78,6.0, 22, 0
0.02,3.94,6.0, 48, 0
0.02,3.58,6.0, 125, 0
0.02,4.0,6.0, 82, 0
0.02,3.72,6.0, 37, 0
0.02,4.14,6.0, 74, 0
0.02,3.76,6.0, 4, 0
0.02,4.0,6.0, 567, 0
0.02,4.04,6.0, 7, 0
0.02,3.94,6.0, 15, 0
0.02,3.8,6.0, 131, 0
0.02,3.62,6.0, 89, 0
0.02,3.7,6.0, 26, 0
0.02,3.9,6.0, 432, 0
0.02,3.66,6.0, 95, 0
0.02,3.5,6.0, 76, 0
0.02,3.86,6.0, 80, 0
0.02,4.12,6.0, 112, 0
0.02,3.64,6.0, 3, 0
0.02,3.86,6.0, 43, 0
0.02,4.0,6.0, 47, 0
0.02,3.84,6.0, 1734, 0
0.02,3.66,6.0, 404, 0
0.02,4.08,6.0, 89, 0
0.02,3.82,6.0, 300, 0
0.02,3.96,6.0, 32, 0
0.02,4.08,6.0, 888, 0
0.02,3.82,6.0, 44, 0
0.02,4.3,6.0, 2845, 0
0.02,3.76,6.0, 56, 0
0.02,3.66,6.0, 22, 0
0.02,3.94,6.0, 277, 0
0.02,4.06,6.0, 39, 0
0.02,3.82,6.0, 51, 0
0.02,3.96,6.0, 58, 0
0.02,3.64,6.0, 18, 0
0.02,3.82,6.0, 45, 0
0.02,3.66,6.0, 85, 0
0.02,3.86,6.0, 259, 0
0.02,3.98,6.0, 187, 0
0.02,4.24,6.0, 11872, 100
0.02,3.78,6.0, 277, 0
0.02,4.0,6.0, 200, 0
0.02,3.92,6.0, 325, 0
0.02,3.9,6.0, 1886, 0
0.02,4.12,6.0, 2, 0
0.02,3.72,6.0, 103, 0
0.02,3.78,6.0, 64, 0
0.02,4.0,6.0, 1065, 0
0.02,3.86,6.0, 378, 0
0.02,3.48,6.0, 320, 0
0.02,4.34,6.0, 15109, 100
0.02,3.94,6.0, 34, 0
0.02,3.86,6.0, 7672, 0
0.02,3.54,6.0, 59, 0
0.02,4.02,6.0, 612, 0
0.02,3.8,6.0, 57, 0
0.02,4.06,6.0, 42, 0
0.02,4.02,6.0, 431, 0
0.02,3.88,6.0, 110, 0
0.02,3.92,6.0, 81, 0
0.02,3.84,6.0, 231, 0
0.02,4.22,6.0, 897, 0
0.02,3.92,6.0, 97, 0
0.02,3.88,6.0, 45, 0
0.02,3.92,6.0, 124, 0
0.02,3.82,6.0, 903, 0
0.02,4.0,6.0, 219, 0
0.02,4.0,6.0, 47, 0
0.02,4.04,6.0, 67, 0
0.02,3.64,6.0, 122, 0
0.02,4.2,6.0, 20, 0
0.02,3.96,6.0, 330, 0
0.02,3.96,6.0, 41, 0
0.02,3.64,6.0, 113, 0
0.02,4.18,6.0, 470, 0
0.02,4.0,6.0, 253, 0
0.02,4.22,6.0, 51, 0
0.02,3.94,6.0, 175, 0
0.02,4.08,6.0, 4, 0
0.02,3.76,6.0, 10, 0
0.02,3.78,6.0, 464, 0
0.02,3.8,6.0, 2124, 0
0.02,4.08,6.0, 6231, 0
0.02,3.9,6.0, 92, 0
0.02,3.82,6.0, 408, 0
0.02,3.96,6.0, 109, 0
0.02,3.84,6.0, 85, 0
0.02,3.96,6.0, 1, 0
0.02,3.94,6.0, 125, 0
0.02,4.02,6.0, 6, 0
0.02,3.9,6.0, 2, 0
0.02,3.66,6.0, 20, 0
0.02,4.34,6.0, 165, 0
0.02,4.1,6.0, 82, 0
0.02,3.82,6.0, 47, 0
0.02,3.76,6.0, 59, 0
0.02,3.86,6.0, 2786, 0
0.02,4.18,6.0, 5339, 0
0.02,3.98,6.0, 236, 0
0.02,3.96,6.0, 19, 0
0.02,4.1,6.0, 20, 0
0.02,4.12,6.0, 21, 0
0.02,3.96,6.0, 24, 0
0.02,3.7,6.0, 5, 0
0.02,3.94,6.0, 95, 0
0.02,3.62,6.0, 715, 0
0.02,3.58,6.0, 30, 0
0.02,3.98,6.0, 4, 0
0.02,4.24,6.0, 207, 0
0.02,4.0,6.0, 19, 0
0.02,4.18,6.0, 58, 0
0.02,3.82,6.0, 122, 0
0.02,3.74,6.0, 40, 0
0.02,3.76,6.0, 67, 0
0.02,3.92,6.0, 49, 0
0.02,3.54,6.0, 175, 0
0.02,3.92,6.0, 10, 0
0.02,4.62,6.0, 62, 0
0.02,3.84,6.0, 88, 0
0.02,4.04,6.0, 72, 0
0.02,3.72,6.0, 254, 0
0.02,4.24,6.0, 287, 0
0.02,3.96,6.0, 19, 0
0.02,3.88,6.0, 120, 0
0.02,3.84,6.0, 80, 0
0.02,3.74,6.0, 484, 0
0.02,4.22,6.0, 360, 0
0.02,4.0,6.0, 5, 0
0.02,4.06,6.0, 70, 0
0.02,3.92,6.0, 206, 0
0.02,3.68,6.0, 161, 0
0.02,4.0,6.0, 20, 0
0.02,3.86,6.0, 48, 0
0.02,3.84,6.0, 38, 0
0.02,3.8,6.0, 1934, 0
0.02,3.82,6.0, 13980, 100
0.02,3.78,6.0, 114, 0
0.02,4.02,6.0, 131, 0
0.02,3.62,6.0, 21, 0
0.02,3.76,6.0, 139, 0
0.02,3.88,6.0, 70, 0
0.02,3.62,6.0, 714, 0
0.02,4.18,6.0, 148, 0
0.02,3.78,6.0, 75, 0
0.02,3.68,6.0, 7, 0
0.02,3.58,6.0, 428, 0
0.02,4.02,6.0, 81, 0
0.02,3.76,6.0, 15, 0
0.02,3.78,6.0, 30, 0
0.02,3.72,6.0, 6, 0
0.02,4.02,6.0, 21, 0
0.02,3.84,6.0, 121, 0
0.02,3.88,6.0, 38, 0
0.02,3.78,6.0, 1165, 0
0.02,4.36,6.0, 955, 0
0.02,3.98,6.0, 226, 0
0.02,3.5,6.0, 141, 0
0.02,4.1,6.0, 76, 0
0.02,4.18,6.0, 75, 0
0.02,3.94,6.0, 35, 0
0.02,4.02,6.0, 80, 0
0.02,3.94,6.0, 202, 0
0.02,3.92,6.0, 332, 0
0.02,4.28,6.0, 76, 0
0.02,4.02,6.0, 21, 0
0.02,4.24,6.0, 1237, 0
0.02,4.32,6.0, 1016, 0
0.02,3.98,6.0, 908, 0
0.02,3.68,6.0, 23, 0
0.02,4.28,6.0, 53, 0
0.02,3.64,6.0, 42, 0
0.02,3.86,6.0, 132, 0
0.02,4.24,6.0, 54, 0
0.02,3.58,6.0, 625, 0
0.02,3.94,6.0, 648, 0
0.02,4.26,6.0, 40, 0
0.02,4.12,6.0, 763, 0
0.02,3.98,6.0, 410, 0
0.02,4.16,6.0, 32, 0
0.02,4.16,6.0, 57, 0
0.02,3.92,6.0, 1463, 0
0.02,3.8,6.0, 2, 0
0.02,3.8,6.0, 223, 0
0.02,4.1,6.0, 23, 0
0.02,3.92,6.0, 3358, 0
0.02,3.66,6.0, 2167, 0
0.02,3.74,6.0, 146, 0
0.02,4.34,6.0, 52, 0
0.02,3.86,6.0, 161, 0
0.02,4.16,6.0, 102, 0
0.02,4.0,6.0, 67, 0
0.02,4.06,6.0, 19, 0
0.02,3.78,6.0, 2927, 0
0.02,3.76,6.0, 673, 0
0.02,3.96,6.0, 128, 0
0.02,3.48,6.0, 6690, 0
0.02,3.84,6.0, 1909, 0
0.02,3.74,6.0, 422, 0
0.02,4.04,6.0, 653, 0
0.02,4.12,6.0, 27, 0
0.02,4.08,6.0, 61, 0
0.02,3.74,6.0, 150, 0
0.02,3.58,6.0, 63, 0
0.02,4.0,6.0, 136, 0
0.02,3.8,6.0, 880, 0
0.02,3.98,6.0, 41, 0
0.02,4.04,6.0, 171, 0
0.02,4.14,6.0, 8, 0
0.02,3.98,6.0, 46, 0
0.02,3.74,6.0, 1184, 0
0.02,3.94,6.0, 26, 0
0.02,4.02,6.0, 13925, 0
0.02,4.16,6.0, 18, 0
0.02,3.9,6.0, 444, 0
0.02,3.64,6.0, 11, 0
0.02,3.68,6.0, 24, 0
0.02,3.78,6.0, 9, 0
0.02,3.8,6.0, 274, 0
0.02,3.82,6.0, 94, 0
0.02,3.8,6.0, 378, 0
0.02,3.98,6.0, 158, 0
0.02,4.16,6.0, 51, 0
0.02,4.0,6.0, 434, 0
0.02,3.68,6.0, 167, 0
0.02,3.74,6.0, 78, 0
0.02,3.64,6.0, 1269, 0
0.02,4.2,6.0, 202, 0
0.02,3.82,6.0, 44, 0
0.02,3.76,6.0, 9, 0
0.02,3.96,6.0, 75, 0
0.02,3.84,6.0, 85, 0
0.02,3.78,6.0, 7336, 0
0.02,4.08,6.0, 56, 0
0.02,4.2,6.0, 9, 0
0.02,3.62,6.0, 123, 0
0.02,4.1,6.0, 85, 0
0.02,3.7,6.0, 222, 0
0.02,4.0,6.0, 5851, 0
0.02,3.86,6.0, 576, 0
0.02,3.8,6.0, 41, 0
0.02,3.96,6.0, 32, 0
0.02,4.02,6.0, 6755, 0
0.02,3.7,6.0, 227, 0
0.02,4.0,6.0, 22, 0
0.02,4.0,6.0, 85, 0
0.02,3.76,6.0, 47, 0
0.02,4.0,6.0, 355, 0
0.02,3.92,6.0, 49, 0
0.02,3.78,6.0, 259, 0
0.02,3.84,6.0, 171, 0
0.02,3.4,6.0, 39, 0
0.02,3.9,6.0, 509, 0
0.02,4.02,6.0, 72, 0
0.02,3.9,6.0, 242, 0
0.02,3.96,6.0, 1589, 0
0.02,4.12,6.0, 72, 0
0.02,3.9,6.0, 326, 0
0.02,3.7,6.0, 6, 0
0.02,3.9,6.0, 16, 0
0.02,4.06,6.0, 182, 0
0.02,3.68,6.0, 2941, 0
0.02,3.74,6.0, 516, 0
0.02,4.04,6.0, 154, 0
0.02,3.92,6.0, 460, 0
0.02,4.04,6.0, 41, 0
0.02,4.02,6.0, 8, 0
0.02,3.82,6.0, 195, 0
0.02,3.7,6.0, 202, 0
0.02,3.78,6.0, 327, 0
0.02,4.22,6.0, 26, 0
0.02,3.62,6.0, 100, 0
0.02,3.9,6.0, 51, 0
0.02,4.08,6.0, 28, 0
0.02,3.9,6.0, 4564, 0
0.02,3.94,6.0, 239, 0
0.02,3.82,6.0, 1, 0
0.02,3.88,6.0, 57, 0
0.02,4.04,6.0, 33, 0
0.02,4.08,6.0, 30, 0
0.02,4.06,6.0, 1, 0
0.02,3.72,6.0, 316, 0
0.02,4.24,6.0, 33, 0
0.02,3.72,6.0, 81, 0
0.02,3.96,6.0, 38, 0
0.02,4.04,6.0, 66, 0
0.02,3.82,6.0, 32, 0
0.02,4.06,6.0, 30, 0
0.02,3.68,6.0, 267, 0
0.02,4.34,6.0, 25, 0
0.02,3.82,6.0, 418, 0
0.02,4.0,6.0, 38, 0
0.02,4.14,6.0, 36, 0
0.02,3.8,6.0, 17, 0
0.02,3.94,6.0, 287, 0
0.02,4.02,6.0, 417, 0
0.02,4.22,6.0, 101, 0
0.02,4.04,6.0, 18, 0
0.02,3.86,6.0, 84, 0
0.02,3.6,6.0, 76, 0
0.02,3.82,6.0, 21, 0
0.02,4.22,6.0, 18, 0
0.02,3.86,6.0, 11, 0
0.02,3.86,6.0, 83, 0
0.02,4.4,6.0, 11, 0
0.02,4.34,6.0, 27, 0
0.02,4.2,6.0, 124, 0
0.02,3.68,6.0, 6, 0
0.02,3.92,6.0, 625, 0
0.02,4.1,6.0, 872, 0
0.02,3.8,6.0, 21, 0
0.02,3.96,6.0, 5, 0
0.02,3.72,6.0, 43, 0
0.02,3.86,6.0, 40, 0
0.02,3.68,6.0, 52, 0
0.02,3.7,6.0, 76, 0
0.02,4.2,6.0, 8, 0
0.02,4.0,6.0, 198, 0
0.02,4.26,6.0, 213, 0
0.02,3.94,6.0, 58, 0
0.02,3.98,6.0, 273, 0
0.02,3.72,6.0, 1095, 0
0.02,3.68,6.0, 135, 0
0.02,3.84,6.0, 20, 0
0.02,4.04,6.0, 267, 0
0.02,3.68,6.0, 245, 0
0.02,4.24,6.0, 5197, 0
0.02,3.86,6.0, 23, 0
0.02,3.66,6.0, 55, 0
0.02,3.7,6.0, 6, 0
0.02,3.86,6.0, 54, 0
0.02,3.8,6.0, 61, 0
0.02,3.84,6.0, 630, 0
0.02,3.66,6.0, 507, 0
0.02,3.78,6.0, 5, 0
0.02,4.18,6.0, 304, 0
0.02,4.2,6.0, 137, 0
0.02,4.26,6.0, 24, 0
0.02,4.12,6.0, 43, 0
0.02,4.14,6.0, 58, 0
0.02,3.94,6.0, 935, 0
0.02,3.96,6.0, 349, 0
0.02,4.04,6.0, 213, 0
0.02,3.64,6.0, 18, 0
0.02,3.94,6.0, 276, 0
0.02,4.16,6.0, 89, 0
0.02,4.04,6.0, 55, 0
0.02,3.66,6.0, 465, 0
0.02,3.8,6.0, 65, 0
0.02,4.06,6.0, 17, 0
0.02,4.16,6.0, 1273, 0
0.02,4.16,6.0, 268, 0
0.02,3.74,6.0, 632, 0
0.02,3.94,6.0, 30, 0
0.02,3.94,6.0, 18, 0
0.02,3.9,6.0, 12, 0
0.02,3.92,6.0, 28, 0
0.02,3.94,6.0, 46, 0
0.02,3.8,6.0, 754, 0
0.02,3.68,6.0, 322, 0
0.02,3.7,6.0, 86, 0
0.02,3.78,6.0, 27, 0
0.02,3.6,6.0, 44, 0
0.02,4.1,6.0, 498, 0
0.02,3.94,6.0, 141, 0
0.02,4.12,6.0, 557, 0
0.02,4.1,6.0, 729, 0
0.02,4.18,6.0, 26, 0
0.02,4.08,6.0, 5, 0
0.02,4.14,6.0, 495, 0
0.02,3.86,6.0, 304, 0
0.02,3.96,6.0, 440, 0
0.02,3.8,6.0, 1465, 0
0.02,3.98,6.0, 138, 0
0.02,4.04,6.0, 4, 0
0.02,3.8,6.0, 327, 0
0.02,3.58,6.0, 198, 0
0.02,3.94,6.0, 272, 0
0.02,3.82,6.0, 14, 0
0.02,4.14,6.0, 205, 0
0.02,4.14,6.0, 246, 0
0.02,3.62,6.0, 58, 0
0.02,3.94,6.0, 22, 0
0.02,3.76,6.0, 14, 0
0.02,3.62,6.0, 43, 0
0.02,4.14,6.0, 172, 0
0.02,3.76,6.0, 13, 0
0.02,3.98,6.0, 2026, 0
0.02,3.66,6.0, 43, 0
0.02,4.04,6.0, 1094, 0
0.02,3.88,6.0, 270, 0
0.02,4.0,6.0, 183, 0
0.02,3.94,6.0, 132, 0
0.02,3.9,6.0, 3, 0
0.02,4.38,6.0, 38, 0
0.02,4.04,6.0, 69, 0
0.02,3.84,6.0, 1, 0
0.02,3.74,6.0, 16416, 0
0.02,3.92,6.0, 2958, 0
0.02,3.72,6.0, 44, 0
0.02,3.84,6.0, 804, 0
0.02,3.8,6.0, 111, 0
0.02,3.92,6.0, 34, 0
0.02,4.06,6.0, 104, 0
0.02,4.18,6.0, 173, 0
0.02,3.84,6.0, 89, 0
0.02,3.66,6.0, 97, 0
0.02,3.64,6.0, 146, 0
0.02,3.92,6.0, 1061, 0
0.02,3.8,6.0, 32, 0
0.02,3.96,6.0, 36, 0
0.02,3.68,6.0, 3, 0
0.02,3.72,6.0, 145, 0
0.02,3.98,6.0, 15, 0
0.02,3.44,6.0, 33, 0
0.02,4.04,6.0, 730, 0
0.02,3.84,6.0, 41, 0
0.02,3.84,6.0, 132, 0
0.02,4.16,6.0, 147, 0
0.02,3.94,6.0, 38, 0
0.02,3.96,6.0, 22, 0
0.02,3.64,6.0, 51, 0
0.02,3.94,6.0, 64, 0
0.02,3.84,6.0, 29, 0
0.02,3.92,6.0, 1308, 0
0.02,3.9,6.0, 117, 0
0.02,3.9,6.0, 27, 0
0.02,3.98,6.0, 243, 0
0.02,3.96,6.0, 290, 0
0.02,3.64,6.0, 229, 0
0.02,4.1,6.0, 79, 0
0.02,3.94,6.0, 52, 0
0.02,3.8,6.0, 278, 0
0.02,4.34,6.0, 43, 0
0.02,3.86,6.0, 19703, 100
0.02,4.12,6.0, 32, 0
0.02,3.64,6.0, 111, 0
0.02,4.2,6.0, 94, 0
0.02,4.28,6.0, 76, 0
0.02,3.74,6.0, 13, 0
0.02,4.02,6.0, 370, 0
0.02,4.08,6.0, 3, 0
0.02,3.82,6.0, 60, 0
0.02,4.08,6.0, 131, 0
0.02,4.08,6.0, 352, 0
0.02,3.86,6.0, 388, 0
0.02,4.12,6.0, 20, 0
0.02,3.68,6.0, 399, 0
0.02,4.2,6.0, 66, 0
0.02,3.74,6.0, 4294, 100
0.02,3.9,6.0, 357, 0
0.02,3.72,6.0, 146, 0
0.02,3.84,6.0, 947, 0
0.02,3.88,6.0, 535, 0
0.02,3.82,6.0, 74, 0
0.02,4.26,6.0, 28, 0
0.02,4.16,6.0, 382, 0
0.02,3.74,6.0, 4, 0
0.02,3.82,6.0, 62, 0
0.02,3.92,6.0, 804, 0
0.02,4.08,6.0, 54, 0
0.02,3.76,6.0, 44, 0
0.02,3.9,6.0, 1, 0
0.02,4.32,6.0, 54, 0
0.02,3.62,6.0, 708, 0
0.02,3.82,6.0, 7, 0
0.02,3.58,6.0, 21, 0
0.02,3.92,6.0, 139, 0
0.02,4.02,6.0, 7240, 0
0.02,4.08,6.0, 31, 0
0.02,3.82,6.0, 149, 0
0.02,3.92,6.0, 6, 0
0.02,4.0,6.0, 135, 0
0.02,3.98,6.0, 53, 0
0.02,3.66,6.0, 206, 0
0.02,3.5,6.0, 47, 0
0.02,4.22,6.0, 294, 0
0.02,3.72,6.0, 1796, 0
0.02,4.08,6.0, 246, 0
0.02,3.7,6.0, 9, 0
0.02,4.22,6.0, 12, 0
0.02,4.08,6.0, 426, 0
0.02,3.66,6.0, 831, 0
0.02,3.64,6.0, 82, 0
0.02,3.6,6.0, 176, 0
0.02,3.82,6.0, 326, 0
0.02,3.64,6.0, 62, 0
0.02,4.32,6.0, 10, 0
0.02,3.92,6.0, 34, 0
0.02,3.9,6.0, 489, 0
0.02,3.88,6.0, 165, 0
0.02,3.9,6.0, 386, 0
0.02,4.24,6.0, 213, 0
0.02,3.68,6.0, 5449, 0
0.02,3.96,6.0, 103, 0
0.02,3.46,6.0, 141, 0
0.02,3.88,6.0, 45, 0
0.02,4.06,6.0, 89, 0
0.02,4.06,6.0, 185, 0
0.02,4.2,6.0, 196, 0
0.02,4.26,6.0, 170, 0
0.02,3.68,6.0, 1098, 0
0.02,3.62,6.0, 117, 0
0.02,3.84,6.0, 9352, 100
0.02,3.84,6.0, 84, 0
0.02,3.9,6.0, 187, 0
0.02,3.88,6.0, 12, 0
